t,Euler,k1,Midpt,k1,k2,RK4,k1,k2,k3,k4
0.0,0.000000,-9.810000,0.000000,-9.810000,-12.309455,0.000000,-9.810000,-12.309455,-12.309316,-14.808632,
0.1,-0.981000,-14.808910,-1.230946,-14.808632,-17.307810,-1.230936,-14.808632,-17.307810,-17.307671,-19.806709,
0.2,-2.461891,-19.807265,-2.961726,-19.806709,-22.305609,-2.961708,-19.806709,-22.305609,-22.305470,-24.804231,
0.3,-4.442617,-24.805064,-5.192287,-24.804231,-27.302853,-5.192260,-24.804231,-27.302853,-27.302714,-29.801197,
0.4,-6.923124,-29.802308,-7.922573,-29.801197,-32.299542,-7.922536,-29.801197,-32.299542,-32.299403,-34.797608,
0.5,-9.903355,-34.798996,-11.152527,-34.797608,-37.295675,-11.152481,-34.797608,-37.295675,-37.295536,-39.793464,
0.6,-13.383254,-39.795130,-14.882094,-39.793464,-42.291254,-14.882039,-39.793464,-42.291254,-42.291115,-44.788765,
0.7,-17.362767,-44.790708,-19.111220,-44.788765,-47.286277,-19.111155,-44.788765,-47.286277,-47.286138,-49.783511,
0.8,-21.841838,-49.785731,-23.839847,-49.783511,-52.280746,-23.839773,-49.783511,-52.280746,-52.280607,-54.777702,
0.9,-26.820411,-54.780200,-29.067922,-54.777702,-57.274659,-29.067839,-54.777702,-57.274659,-57.274520,-59.771339,
1.0,-32.298431,-59.774113,-34.795388,-59.771338,-62.268018,-34.795295,-59.771339,-62.268018,-62.267879,-64.764420,
1.1,-38.275842,-64.767471,-41.022190,-64.764420,-67.260822,-41.022088,-64.764420,-67.260822,-67.260683,-69.756946,
1.2,-44.752589,-69.760275,-47.748272,-69.756946,-72.253071,-47.748161,-69.756946,-72.253071,-72.252932,-74.748918,
1.3,-51.728617,-74.752524,-54.973579,-74.748918,-77.244766,-54.973459,-74.748918,-77.244766,-77.244627,-79.740336,
1.4,-59.203869,-79.744218,-62.698055,-79.740335,-82.235905,-62.697926,-79.740336,-82.235906,-82.235767,-84.731198,
1.5,-67.178291,-84.735357,-70.921646,-84.731198,-87.226491,-70.921507,-84.731198,-87.226491,-87.226352,-89.721507,
1.6,-75.651827,-89.725942,-79.644295,-89.721506,-92.216522,-79.644147,-89.721507,-92.216522,-92.216383,-94.711260,
1.7,-84.624421,-94.715973,-88.865947,-94.711260,-97.205998,-88.865790,-94.711260,-97.205998,-97.205860,-99.700460,
1.8,-94.096018,-99.705449,-98.586547,-99.700459,-102.194920,-98.586381,-99.700460,-102.194921,-102.194782,-104.689105,
1.9,-104.066563,-104.694370,-108.806039,-104.689104,-107.183288,-108.805864,-104.689105,-107.183289,-107.183150,-109.677195,
2.0,-114.536000,-109.682738,-119.524368,-109.677195,-112.171102,-119.524183,-109.677195,-112.171102,-112.170964,-114.664732,
2.1,-125.504274,-114.670551,-130.741478,-114.664732,-117.158361,-130.741284,-114.664732,-117.158362,-117.158223,-119.651714,
2.2,-136.971329,-119.657810,-142.457314,-119.651714,-122.145067,-142.457111,-119.651714,-122.145067,-122.144928,-124.638143,
2.3,-148.937110,-124.644514,-154.671821,-124.638142,-127.131218,-154.671609,-124.638143,-127.131218,-127.131080,-129.624017,
2.4,-161.401562,-129.630665,-167.384943,-129.624017,-132.116815,-167.384721,-129.624017,-132.116816,-132.116677,-134.609337,
2.5,-174.364628,-134.616262,-180.596624,-134.609337,-137.101859,-180.596394,-134.609337,-137.101859,-137.101721,-139.594104,
2.6,-187.826254,-139.601304,-194.306810,-139.594104,-142.086348,-194.306570,-139.594104,-142.086349,-142.086210,-144.578316,
2.7,-201.786385,-144.585793,-208.515445,-144.578316,-147.070284,-208.515196,-144.578316,-147.070284,-147.070146,-149.561975,
2.8,-216.244964,-149.569728,-223.222473,-149.561975,-152.053666,-223.222215,-149.561975,-152.053666,-152.053528,-154.545080,
2.9,-231.201937,-154.553109,-238.427840,-154.545080,-157.036494,-238.427572,-154.545080,-157.036495,-157.036356,-159.527632,
3.0,-246.657248,-159.535936,-254.131489,-159.527632,-162.018769,-254.131213,-159.527632,-162.018769,-162.018631,-164.509630,
3.1,-262.610841,-164.518210,-270.333366,-164.509630,-167.000490,-270.333080,-164.509630,-167.000490,-167.000352,-169.491074,
3.2,-279.062662,-169.499930,-287.033415,-169.491074,-171.981658,-287.033120,-169.491074,-171.981658,-171.981520,-174.471965,
3.3,-296.012655,-174.481097,-304.231581,-174.471965,-176.962272,-304.231277,-174.471965,-176.962272,-176.962134,-179.452303,
3.4,-313.460765,-179.461710,-321.927808,-179.452302,-181.942333,-321.927495,-179.452303,-181.942333,-181.942195,-184.432087,
3.5,-331.406936,-184.441770,-340.122042,-184.432087,-186.921840,-340.121719,-184.432087,-186.921841,-186.921702,-189.411318,
3.6,-349.851113,-189.421277,-358.814226,-189.411318,-191.900795,-358.813894,-189.411318,-191.900795,-191.900657,-194.389996,
3.7,-368.793241,-194.400230,-378.004305,-194.389995,-196.879196,-378.003964,-194.389996,-196.879196,-196.879058,-199.368120,
3.8,-388.233264,-199.378630,-397.692225,-199.368120,-201.857044,-397.691874,-199.368120,-201.857044,-201.856906,-204.345692,
3.9,-408.171127,-204.356477,-417.877929,-204.345691,-206.834339,-417.877570,-204.345692,-206.834339,-206.834201,-209.322710,
4.0,-428.606774,-209.333770,-438.561363,-209.322710,-211.811081,-438.560994,-209.322710,-211.811081,-211.810943,-214.299175,
4.1,-449.540151,-214.310511,-459.742471,-214.299175,-216.787270,-459.742093,-214.299175,-216.787270,-216.787132,-219.275088,
4.2,-470.971202,-219.286699,-481.421198,-219.275088,-221.762906,-481.420811,-219.275088,-221.762906,-221.762768,-224.250448,
4.3,-492.899872,-224.262333,-503.597489,-224.250447,-226.737989,-503.597092,-224.250448,-226.737989,-226.737851,-229.225255,
4.4,-515.326106,-229.237415,-526.271287,-229.225254,-231.712519,-526.270882,-229.225255,-231.712520,-231.712382,-234.199509,
4.5,-538.249847,-234.211945,-549.442539,-234.199508,-236.686497,-549.442125,-234.199509,-236.686498,-236.686360,-239.173210,
4.6,-561.671042,-239.185921,-573.111189,-239.173210,-241.659922,-573.110765,-239.173210,-241.659923,-241.659785,-244.146359,
4.7,-585.589634,-244.159345,-597.277181,-244.146359,-246.632795,-597.276748,-244.146359,-246.632795,-246.632657,-249.118956,
4.8,-610.005568,-249.132216,-621.940461,-249.118955,-251.605115,-621.940019,-249.118956,-251.605116,-251.604977,-254.090999,
4.9,-634.918790,-254.104535,-647.100972,-254.090999,-256.576883,-647.100521,-254.090999,-256.576883,-256.576745,-259.062491,
5.0,-660.329243,-259.076301,-672.758661,-259.062490,-261.548098,-672.758200,-259.062491,-261.548099,-261.547960,-264.033430,
5.1,-686.236873,-264.047515,-698.913470,-264.033429,-266.518761,-698.913001,-264.033430,-266.518761,-266.518623,-269.003817,
5.2,-712.641625,-269.018176,-725.565347,-269.003816,-271.488872,-725.564868,-269.003817,-271.488872,-271.488734,-273.973651,
5.3,-739.543442,-273.988285,-752.714234,-273.973651,-276.458430,-752.713746,-273.973651,-276.458431,-276.458293,-278.942934,
5.4,-766.942271,-278.957842,-780.360077,-278.942933,-281.427436,-780.359580,-278.942934,-281.427437,-281.427299,-283.911664,
5.5,-794.838055,-283.926847,-808.502820,-283.911664,-286.395891,-808.502314,-283.911664,-286.395891,-286.395753,-288.879842,
5.6,-823.230740,-288.895299,-837.142409,-288.879842,-291.363793,-837.141894,-288.879842,-291.363793,-291.363655,-293.847469,
5.7,-852.120270,-293.863200,-866.278789,-293.847468,-296.331143,-866.278264,-293.847469,-296.331144,-296.331006,-298.814543,
5.8,-881.506590,-298.830548,-895.911903,-298.814542,-301.297942,-895.911369,-298.814543,-301.297942,-301.297804,-303.781065,
5.9,-911.389645,-303.797345,-926.041697,-303.781065,-306.264188,-926.041154,-303.781065,-306.264189,-306.264051,-308.747036,
6.0,-941.769379,-308.763590,-956.668116,-308.747035,-311.229883,-956.667564,-308.747036,-311.229883,-311.229745,-313.712455,
6.1,-972.645738,-313.729283,-987.791104,-313.712454,-316.195026,-987.790543,-313.712455,-316.195026,-316.194889,-318.677322,
6.2,-1004.018666,-318.694424,-1019.410607,-318.677322,-321.159617,-1019.410037,-318.677322,-321.159618,-321.159480,-323.641638,
6.3,-1035.888109,-323.659013,-1051.526569,-323.641637,-326.123657,-1051.525989,-323.641638,-326.123658,-326.123520,-328.605402,
6.4,-1068.254010,-328.623051,-1084.138934,-328.605401,-331.087145,-1084.138346,-328.605402,-331.087146,-331.087008,-333.568614,
6.5,-1101.116315,-333.586537,-1117.247649,-333.568614,-336.050082,-1117.247051,-333.568614,-336.050083,-336.049945,-338.531276,
6.6,-1134.474969,-338.549472,-1150.852657,-338.531275,-341.012468,-1150.852050,-338.531275,-341.012468,-341.012330,-343.493385,
6.7,-1168.329916,-343.511856,-1184.953904,-343.493385,-345.974302,-1184.953288,-343.493385,-345.974302,-345.974164,-348.454944,
6.8,-1202.681102,-348.473688,-1219.551334,-348.454943,-350.935584,-1219.550709,-348.454944,-350.935585,-350.935447,-353.415951,
6.9,-1237.528470,-353.434968,-1254.644892,-353.415950,-355.896316,-1254.644258,-353.415951,-355.896317,-355.896179,-358.376407,
7.0,-1272.871967,-358.395698,-1290.234524,-358.376406,-360.856496,-1290.233881,-358.376407,-360.856497,-360.856359,-363.336312,
7.1,-1308.711537,-363.355876,-1326.320174,-363.336311,-365.816126,-1326.319521,-363.336312,-365.816126,-365.815989,-368.295665,
7.2,-1345.047125,-368.315503,-1362.901786,-368.295665,-370.775204,-1362.901125,-368.295665,-370.775205,-370.775067,-373.254468,
7.3,-1381.878675,-373.274579,-1399.979307,-373.254467,-375.733731,-1399.978636,-373.254468,-375.733732,-375.733594,-378.212720,
7.4,-1419.206133,-378.233104,-1437.552680,-378.212719,-380.691707,-1437.552000,-378.212720,-380.691708,-380.691570,-383.170421,
7.5,-1457.029443,-383.191078,-1475.621850,-383.170420,-385.649133,-1475.621162,-383.170421,-385.649134,-385.648996,-388.127571,
7.6,-1495.348551,-388.148502,-1514.186764,-388.127570,-390.606008,-1514.186066,-388.127571,-390.606008,-390.605871,-393.084170,
7.7,-1534.163401,-393.105374,-1553.247364,-393.084170,-395.562332,-1553.246658,-393.084170,-395.562332,-395.562195,-398.040219,
7.8,-1573.473939,-398.061696,-1592.803598,-398.040218,-400.518105,-1592.802882,-398.040219,-400.518106,-400.517968,-402.995717,
7.9,-1613.280108,-403.017467,-1632.855408,-402.995716,-405.473328,-1632.854683,-402.995717,-405.473328,-405.473191,-407.950664,
8.0,-1653.581855,-407.972687,-1673.402741,-407.950664,-410.428000,-1673.402007,-407.950664,-410.428001,-410.427863,-412.905061,
8.1,-1694.379124,-412.927357,-1714.445541,-412.905061,-415.382121,-1714.444798,-412.905061,-415.382122,-415.381985,-417.858908,
8.2,-1735.671859,-417.881476,-1755.983753,-417.858907,-420.335693,-1755.983001,-417.858908,-420.335693,-420.335556,-422.812204,
8.3,-1777.460007,-422.835044,-1798.017322,-422.812203,-425.288713,-1798.016561,-422.812204,-425.288714,-425.288577,-427.764950,
8.4,-1819.743511,-427.788063,-1840.546194,-427.764949,-430.241184,-1840.545423,-427.764950,-430.241185,-430.241047,-432.717145,
8.5,-1862.522317,-432.740531,-1883.570312,-432.717144,-435.193104,-1883.569532,-432.717145,-435.193105,-435.192968,-437.668790,
8.6,-1905.796371,-437.692448,-1927.089622,-437.668789,-440.144474,-1927.088834,-437.668790,-440.144475,-440.144338,-442.619885,
8.7,-1949.565615,-442.643816,-1971.104070,-442.619884,-445.095294,-1971.103272,-442.619885,-445.095295,-445.095158,-447.570430,
8.8,-1993.829997,-447.594633,-2015.613599,-447.570429,-450.045564,-2015.612792,-447.570430,-450.045565,-450.045428,-452.520425,
8.9,-2038.589460,-452.544901,-2060.618156,-452.520424,-454.995284,-2060.617340,-452.520425,-454.995285,-454.995148,-457.469870,
9.0,-2083.843950,-457.494618,-2106.117684,-457.469869,-459.944454,-2106.116859,-457.469870,-459.944455,-459.944318,-462.418765,
9.1,-2129.593412,-462.443785,-2152.112129,-462.418764,-464.893074,-2152.111295,-462.418765,-464.893075,-464.892938,-467.367110,
9.2,-2175.837791,-467.392402,-2198.601437,-467.367110,-469.841145,-2198.600594,-467.367110,-469.841146,-469.841008,-472.314906,
9.3,-2222.577031,-472.340470,-2245.585551,-472.314905,-474.788665,-2245.584699,-472.314906,-474.788666,-474.788529,-477.262152,
9.4,-2269.811078,-477.287988,-2293.064418,-477.262151,-479.735636,-2293.063557,-477.262152,-479.735637,-479.735500,-482.208848,
9.5,-2317.539877,-482.234956,-2341.037982,-482.208847,-484.682057,-2341.037111,-482.208848,-484.682058,-484.681921,-487.154994,
9.6,-2365.763372,-487.181374,-2389.506187,-487.154993,-489.627929,-2389.505308,-487.154994,-489.627930,-489.627793,-492.100591,
9.7,-2414.481510,-492.127243,-2438.468980,-492.100590,-494.573251,-2438.468092,-492.100591,-494.573252,-494.573115,-497.045638,
9.8,-2463.694234,-497.072562,-2487.926305,-497.045637,-499.518024,-2487.925408,-497.045638,-499.518025,-499.517887,-501.990136,
9.9,-2513.401490,-502.017332,-2537.878108,-501.990135,-504.462247,-2537.877201,-501.990136,-504.462248,-504.462111,-506.934085,
10.0,-2563.603223,-506.961552,-2588.324332,-506.934084,-509.405921,-2588.323417,-506.934085,-509.405922,-509.405785,-511.877484,
10.1,-2614.299379,-511.905223,-2639.264924,-511.877483,-514.349046,-2639.264000,-511.877484,-514.349047,-514.348909,-516.820335,
10.2,-2665.489901,-516.848345,-2690.699829,-516.820334,-519.291621,-2690.698895,-516.820335,-519.291622,-519.291485,-521.762636,
10.3,-2717.174735,-521.790917,-2742.628991,-521.762634,-524.233648,-2742.628048,-521.762636,-524.233649,-524.233511,-526.704387,
10.4,-2769.353827,-526.732940,-2795.052356,-526.704386,-529.175125,-2795.051404,-526.704387,-529.175126,-529.174989,-531.645590,
10.5,-2822.027121,-531.674414,-2847.969868,-531.645589,-534.116053,-2847.968908,-531.645590,-534.116054,-534.115917,-536.586244,
10.6,-2875.194562,-536.615339,-2901.381474,-536.586243,-539.056432,-2901.380504,-536.586244,-539.056434,-539.056296,-541.526349,
10.7,-2928.856096,-541.555715,-2955.287117,-541.526348,-543.996263,-2955.286138,-541.526349,-543.996264,-543.996127,-546.465905,
10.8,-2983.011668,-546.495543,-3009.686743,-546.465904,-548.935544,-3009.685755,-546.465905,-548.935545,-548.935408,-551.404912,
10.9,-3037.661222,-551.434821,-3064.580298,-551.404911,-553.874277,-3064.579301,-551.404912,-553.874278,-553.874141,-556.343370,
11.0,-3092.804704,-556.373550,-3119.967725,-556.343369,-558.812461,-3119.966719,-556.343370,-558.812462,-558.812325,-561.281280,
11.1,-3148.442059,-561.311731,-3175.848972,-561.281279,-563.750097,-3175.847957,-561.281280,-563.750098,-563.749961,-566.218641,
11.2,-3204.573232,-566.249363,-3232.223981,-566.218640,-568.687183,-3232.222957,-566.218641,-568.687185,-568.687047,-571.155454,
11.3,-3261.198169,-571.186446,-3289.092700,-571.155453,-573.623722,-3289.091666,-571.155454,-573.623723,-573.623586,-576.091718,
11.4,-3318.316813,-576.122981,-3346.455072,-576.091717,-578.559711,-3346.454030,-576.091718,-578.559713,-578.559576,-581.027433,
11.5,-3375.929111,-581.058968,-3404.311043,-581.027432,-583.495153,-3404.309992,-581.027433,-583.495154,-583.495017,-585.962601,
11.6,-3434.035008,-585.994406,-3462.660558,-585.962599,-588.430046,-3462.659498,-585.962601,-588.430047,-588.429910,-590.897219,
11.7,-3492.634449,-590.929295,-3521.503563,-590.897218,-593.364391,-3521.502494,-590.897219,-593.364392,-593.364255,-595.831290,
11.8,-3551.727378,-595.863636,-3580.840002,-595.831289,-598.298187,-3580.838924,-595.831290,-598.298188,-598.298051,-600.764813,
11.9,-3611.313742,-600.797429,-3640.669821,-600.764811,-603.231435,-3640.668733,-600.764813,-603.231437,-603.231300,-605.697787,
12.0,-3671.393485,-605.730674,-3700.992964,-605.697786,-608.164136,-3700.991868,-605.697787,-608.164137,-608.164000,-610.630213,
12.1,-3731.966552,-610.663370,-3761.809378,-610.630212,-613.096288,-3761.808272,-610.630213,-613.096289,-613.096152,-615.562091,
12.2,-3793.032889,-615.595519,-3823.119006,-615.562090,-618.027892,-3823.117892,-615.562091,-618.027893,-618.027756,-620.493421,
12.3,-3854.592441,-620.527120,-3884.921796,-620.493420,-622.958948,-3884.920672,-620.493421,-622.958950,-622.958813,-625.424204,
12.4,-3916.645153,-625.458172,-3947.217690,-625.424203,-627.889457,-3947.216558,-625.424204,-627.889458,-627.889321,-630.354438,
12.5,-3979.190970,-630.388677,-4010.006636,-630.354437,-632.819417,-4010.005495,-630.354438,-632.819419,-632.819282,-635.284125,
12.6,-4042.229838,-635.318634,-4073.288578,-635.284124,-637.748830,-4073.287428,-635.284125,-637.748832,-637.748695,-640.213264,
12.7,-4105.761701,-640.248043,-4137.063461,-640.213263,-642.677695,-4137.062302,-640.213264,-642.677697,-642.677560,-645.141855,
12.8,-4169.786506,-645.176904,-4201.331230,-645.141854,-647.606013,-4201.330062,-645.141855,-647.606014,-647.605877,-650.069899,
12.9,-4234.304196,-650.105218,-4266.091832,-650.069898,-652.533783,-4266.090654,-650.069899,-652.533784,-652.533647,-654.997396,
13.0,-4299.314718,-655.032984,-4331.345210,-654.997394,-657.461005,-4331.344024,-654.997396,-657.461007,-657.460870,-659.924344,
13.1,-4364.818016,-659.960202,-4397.091311,-659.924343,-662.387681,-4397.090115,-659.924344,-662.387682,-662.387545,-664.850746,
13.2,-4430.814036,-664.886873,-4463.330079,-664.850744,-667.313808,-4463.328874,-664.850746,-667.313810,-667.313673,-669.776600,
13.3,-4497.302724,-669.812997,-4530.061459,-669.776598,-672.239389,-4530.060246,-669.776600,-672.239390,-672.239253,-674.701906,
13.4,-4564.284023,-674.738573,-4597.285398,-674.701905,-677.164422,-4597.284176,-674.701906,-677.164423,-677.164286,-679.626666,
13.5,-4631.757881,-679.663602,-4665.001841,-679.626665,-682.088908,-4665.000609,-679.626666,-682.088909,-682.088772,-684.550878,
13.6,-4699.724241,-684.588084,-4733.210731,-684.550877,-687.012846,-4733.209491,-684.550878,-687.012848,-687.012711,-689.474544,
13.7,-4768.183049,-689.512019,-4801.912016,-689.474542,-691.936238,-4801.910767,-689.474544,-691.936239,-691.936103,-694.397662,
13.8,-4837.134251,-694.435406,-4871.105640,-694.397660,-696.859083,-4871.104382,-694.397662,-696.859084,-696.858947,-699.320233,
13.9,-4906.577792,-699.358247,-4940.791548,-699.320232,-701.781380,-4940.790281,-699.320233,-701.781382,-701.781245,-704.242257,
14.0,-4976.513617,-704.280540,-5010.969686,-704.242256,-706.703131,-5010.968410,-704.242257,-706.703133,-706.702996,-709.163735,
14.1,-5046.941671,-709.202287,-5081.639999,-709.163733,-711.624335,-5081.638714,-709.163735,-711.624337,-711.624200,-714.084665,
14.2,-5117.861899,-714.123487,-5152.802433,-714.084664,-716.544993,-5152.801139,-714.084665,-716.544994,-716.544857,-719.005049,
14.3,-5189.274248,-719.044140,-5224.456932,-719.005048,-721.465103,-5224.455629,-719.005049,-721.465105,-721.464968,-723.924887,
14.4,-5261.178662,-723.964246,-5296.603442,-723.924885,-726.384667,-5296.602130,-723.924887,-726.384668,-726.384532,-728.844177,
14.5,-5333.575087,-728.883805,-5369.241909,-728.844176,-731.303684,-5369.240588,-728.844177,-731.303686,-731.303549,-733.762921,
14.6,-5406.463467,-733.802818,-5442.372277,-733.762920,-736.222155,-5442.370947,-733.762921,-736.222157,-736.222020,-738.681119,
14.7,-5479.843749,-738.721285,-5515.994493,-738.681117,-741.140079,-5515.993154,-738.681119,-741.140081,-741.139944,-743.598770,
14.8,-5553.715877,-743.639205,-5590.108501,-743.598768,-746.057457,-5590.107153,-743.598770,-746.057459,-746.057322,-748.515875,
14.9,-5628.079798,-748.556578,-5664.714247,-748.515873,-750.974289,-5664.712890,-748.515875,-750.974290,-750.974154,-753.432433,
15.0,-5702.935456,-753.473405,-5739.811675,-753.432431,-755.890574,-5739.810310,-753.432433,-755.890576,-755.890439,-758.348445,
15.1,-5778.282796,-758.389686,-5815.400733,-758.348444,-760.806313,-5815.399358,-758.348445,-760.806315,-760.806178,-763.263911,
15.2,-5854.121765,-763.305420,-5891.481364,-763.263910,-765.721506,-5891.479981,-763.263911,-765.721508,-765.721371,-768.178831,
15.3,-5930.452307,-768.220609,-5968.053515,-768.178829,-770.636153,-5968.052122,-768.178831,-770.636154,-770.636018,-773.093205,
15.4,-6007.274368,-773.135251,-6045.117130,-773.093203,-775.550254,-6045.115729,-773.093205,-775.550255,-775.550119,-778.007033,
15.5,-6084.587893,-778.049347,-6122.672155,-778.007031,-780.463808,-6122.670745,-778.007033,-780.463810,-780.463673,-782.920314,
15.6,-6162.392827,-782.962897,-6200.718536,-782.920313,-785.376817,-6200.717117,-782.920314,-785.376819,-785.376682,-787.833050,
15.7,-6240.689117,-787.875901,-6279.256218,-787.833049,-790.289280,-6279.254790,-787.833050,-790.289282,-790.289145,-792.745240,
15.8,-6319.476707,-792.788359,-6358.285146,-792.745239,-795.201197,-6358.283709,-792.745240,-795.201199,-795.201062,-797.656885,
15.9,-6398.755543,-797.700272,-6437.805266,-797.656883,-800.112569,-6437.803819,-797.656885,-800.112570,-800.112434,-802.567983,
16.0,-6478.525570,-802.611638,-6517.816523,-802.567982,-805.023395,-6517.815067,-802.567983,-805.023396,-805.023260,-807.478536,
16.1,-6558.786734,-807.522459,-6598.318862,-807.478535,-809.933675,-6598.317398,-807.478536,-809.933676,-809.933540,-812.388544,
16.2,-6639.538980,-812.432734,-6679.312230,-812.388542,-814.843409,-6679.310756,-812.388544,-814.843411,-814.843275,-817.298005,
16.3,-6720.782253,-817.342464,-6760.796570,-817.298004,-819.752598,-6760.795088,-817.298005,-819.752600,-819.752464,-822.206922,
16.4,-6802.516500,-822.251648,-6842.771830,-822.206920,-824.661242,-6842.770339,-822.206922,-824.661244,-824.661107,-827.115293,
16.5,-6884.741665,-827.160287,-6925.237954,-827.115291,-829.569340,-6925.236455,-827.115293,-829.569342,-829.569206,-832.023118,
16.6,-6967.457693,-832.068380,-7008.194889,-832.023117,-834.476893,-7008.193380,-832.023118,-834.476895,-834.476759,-836.930399,
16.7,-7050.664531,-836.975928,-7091.642578,-836.930397,-839.383901,-7091.641060,-836.930399,-839.383903,-839.383766,-841.837134,
16.8,-7134.362124,-841.882931,-7175.580968,-841.837132,-844.290364,-7175.579441,-841.837134,-844.290365,-844.290229,-846.743324,
16.9,-7218.550417,-846.789388,-7260.010004,-846.743322,-849.196281,-7260.008469,-846.743324,-849.196283,-849.196146,-851.648969,
17.0,-7303.229356,-851.695301,-7344.929632,-851.648967,-854.101653,-7344.928088,-851.648969,-854.101655,-854.101519,-856.554069,
17.1,-7388.398886,-856.600668,-7430.339798,-856.554067,-859.006481,-7430.338244,-856.554069,-859.006482,-859.006346,-861.458623,
17.2,-7474.058953,-861.505490,-7516.240446,-861.458622,-863.910763,-7516.238884,-861.458623,-863.910765,-863.910628,-866.362633,
17.3,-7560.209502,-866.409767,-7602.631522,-866.362632,-868.814500,-7602.629951,-866.362633,-868.814502,-868.814366,-871.266098,
17.4,-7646.850479,-871.313499,-7689.512972,-871.266097,-873.717693,-7689.511392,-871.266098,-873.717695,-873.717559,-876.169019,
17.5,-7733.981829,-876.216687,-7776.884741,-876.169017,-878.620341,-7776.883152,-876.169019,-878.620343,-878.620206,-881.071394,
17.6,-7821.603497,-881.119329,-7864.746776,-881.071392,-883.522444,-7864.745178,-881.071394,-883.522446,-883.522310,-885.973225,
17.7,-7909.715430,-886.021427,-7953.099020,-885.973223,-888.424003,-7953.097413,-885.973225,-888.424004,-888.423868,-890.874511,
17.8,-7998.317573,-890.922980,-8041.941420,-890.874510,-893.325017,-8041.939805,-890.874511,-893.325018,-893.324882,-895.775253,
17.9,-8087.409871,-895.823989,-8131.273922,-895.775251,-898.225486,-8131.272297,-895.775253,-898.225488,-898.225352,-900.675450,
18.0,-8176.992270,-900.724453,-8221.096470,-900.675448,-903.125411,-8221.094837,-900.675450,-903.125413,-903.125277,-905.575103,
18.1,-8267.064715,-905.624373,-8311.409011,-905.575101,-908.024791,-8311.407369,-905.575103,-908.024793,-908.024657,-910.474211,
18.2,-8357.627153,-910.523748,-8402.211491,-910.474209,-912.923628,-8402.209839,-910.474211,-912.923629,-912.923493,-915.372775,
18.3,-8448.679527,-915.422578,-8493.503853,-915.372773,-917.821919,-8493.502193,-915.372775,-917.821921,-917.821785,-920.270795,
18.4,-8540.221785,-920.320865,-8585.286045,-920.270793,-922.719667,-8585.284376,-920.270795,-922.719669,-922.719533,-925.168271,
18.5,-8632.253872,-925.218607,-8677.558012,-925.168269,-927.616871,-8677.556334,-925.168271,-927.616873,-927.616736,-930.065202,
18.6,-8724.775732,-930.115805,-8770.319699,-930.065200,-932.513530,-8770.318012,-930.065202,-932.513532,-932.513396,-934.961590,
18.7,-8817.787313,-935.012459,-8863.571052,-934.961588,-937.409645,-8863.569356,-934.961590,-937.409647,-937.409511,-939.857433,
18.8,-8911.288559,-939.908568,-8957.312017,-939.857431,-942.305217,-8957.310312,-939.857433,-942.305219,-942.305083,-944.752732,
18.9,-9005.279415,-944.804134,-9051.542538,-944.752731,-947.200244,-9051.540825,-944.752732,-947.200246,-947.200110,-949.647488,
19.0,-9099.759829,-949.699156,-9146.262563,-949.647486,-952.094728,-9146.260840,-949.647488,-952.094730,-952.094594,-954.541700,
19.1,-9194.729744,-954.593634,-9241.472036,-954.541698,-956.988668,-9241.470304,-954.541700,-956.988670,-956.988534,-959.435368,
19.2,-9290.189108,-959.487568,-9337.170902,-959.435366,-961.882064,-9337.169162,-959.435368,-961.882066,-961.881930,-964.328492,
19.3,-9386.137865,-964.380958,-9433.359109,-964.328490,-966.774916,-9433.357360,-964.328492,-966.774918,-966.774782,-969.221072,
19.4,-9482.575960,-969.273804,-9530.036600,-969.221070,-971.667225,-9530.034843,-969.221072,-971.667227,-971.667091,-974.113109,
19.5,-9579.503341,-974.166107,-9627.203323,-974.113107,-976.558990,-9627.201556,-974.113109,-976.558992,-976.558856,-979.004603,
19.6,-9676.919952,-979.057867,-9724.859222,-979.004601,-981.450212,-9724.857446,-979.004603,-981.450214,-981.450078,-983.895553,
19.7,-9774.825738,-983.949083,-9823.004243,-983.895551,-986.340890,-9823.002459,-983.895553,-986.340892,-986.340756,-988.785959,
19.8,-9873.220646,-988.839755,-9921.638332,-988.785957,-991.231025,-9921.636539,-988.785959,-991.231027,-991.230891,-993.675823,
19.9,-9972.104622,-993.729884,-10020.761434,-993.675821,-996.120616,-10020.759632,-993.675823,-996.120618,-996.120483,-998.565143,
20.0,-10071.477610,-998.619469,-10120.373496,-998.565141,-1001.009665,-10120.371685,-998.565143,-1001.009667,-1001.009531,-1003.453919,
20.1,-10171.339557,-1003.508512,-10220.474463,-1003.453917,-1005.898170,-10220.472643,-1003.453919,-1005.898172,-1005.898036,-1008.342153,
20.2,-10271.690408,-1008.397011,-10321.064280,-1008.342151,-1010.786132,-10321.062451,-1008.342153,-1010.786134,-1010.785998,-1013.229843,
20.3,-10372.530110,-1013.284967,-10422.142893,-1013.229841,-1015.673551,-10422.141055,-1013.229843,-1015.673553,-1015.673417,-1018.116991,
20.4,-10473.858606,-1018.172379,-10523.710248,-1018.116989,-1020.560427,-10523.708401,-1018.116991,-1020.560429,-1020.560293,-1023.003595,
20.5,-10575.675844,-1023.059249,-10625.766290,-1023.003593,-1025.446759,-10625.764435,-1023.003595,-1025.446762,-1025.446626,-1027.889657,
20.6,-10677.981769,-1027.945576,-10728.310966,-1027.889654,-1030.332550,-10728.309102,-1027.889657,-1030.332552,-1030.332416,-1032.775175,
20.7,-10780.776327,-1032.831360,-10831.344221,-1032.775173,-1035.217797,-10831.342348,-1032.775175,-1035.217799,-1035.217663,-1037.660151,
20.8,-10884.059463,-1037.716601,-10934.866001,-1037.660149,-1040.102501,-10934.864119,-1037.660151,-1040.102503,-1040.102368,-1042.544584,
20.9,-10987.831123,-1042.601299,-11038.876251,-1042.544582,-1044.986663,-11038.874361,-1042.544584,-1044.986665,-1044.986529,-1047.428474,
21.0,-11092.091252,-1047.485454,-11143.374917,-1047.428472,-1049.870282,-11143.373018,-1047.428474,-1049.870284,-1049.870148,-1052.311822,
21.1,-11196.839798,-1052.369067,-11248.361946,-1052.311820,-1054.753358,-11248.360037,-1052.311822,-1054.753360,-1054.753225,-1057.194627,
21.2,-11302.076705,-1057.252137,-11353.837281,-1057.194625,-1059.635892,-11353.835364,-1057.194627,-1059.635894,-1059.635759,-1062.076890,
21.3,-11407.801918,-1062.134665,-11459.800871,-1062.076888,-1064.517884,-11459.798945,-1062.076890,-1064.517886,-1064.517750,-1066.958610,
21.4,-11514.015385,-1067.016650,-11566.252659,-1066.958608,-1069.399333,-11566.250724,-1066.958610,-1069.399335,-1069.399199,-1071.839788,
21.5,-11620.717050,-1071.898092,-11673.192592,-1071.839786,-1074.280239,-11673.190649,-1071.839788,-1074.280242,-1074.280106,-1076.720424,
21.6,-11727.906859,-1076.778992,-11780.620616,-1076.720422,-1079.160604,-11780.618664,-1076.720424,-1079.160606,-1079.160470,-1081.600517,
21.7,-11835.584758,-1081.659350,-11888.536677,-1081.600515,-1084.040426,-11888.534715,-1081.600517,-1084.040428,-1084.040293,-1086.480068,
21.8,-11943.750693,-1086.539166,-11996.940719,-1086.480066,-1088.919706,-11996.938749,-1086.480068,-1088.919708,-1088.919573,-1091.359077,
21.9,-12052.404610,-1091.418439,-12105.832690,-1091.359075,-1093.798444,-12105.830711,-1091.359077,-1093.798446,-1093.798310,-1096.237544,
22.0,-12161.546454,-1096.297171,-12215.212534,-1096.237542,-1098.676640,-12215.210547,-1096.237544,-1098.676642,-1098.676506,-1101.115469,
22.1,-12271.176171,-1101.175360,-12325.080198,-1101.115466,-1103.554293,-12325.078202,-1101.115469,-1103.554296,-1103.554160,-1105.992852,
22.2,-12381.293707,-1106.053007,-12435.435627,-1105.992849,-1108.431405,-12435.433622,-1105.992852,-1108.431407,-1108.431272,-1110.869693,
22.3,-12491.899007,-1110.930112,-12546.278768,-1110.869690,-1113.307975,-12546.276754,-1110.869692,-1113.307978,-1113.307842,-1115.745992,
22.4,-12602.992019,-1115.806676,-12657.609565,-1115.745989,-1118.184003,-12657.607543,-1115.745992,-1118.184006,-1118.183870,-1120.621749,
22.5,-12714.572686,-1120.682697,-12769.427966,-1120.621747,-1123.059490,-12769.425934,-1120.621749,-1123.059492,-1123.059357,-1125.496965,
22.6,-12826.640956,-1125.558177,-12881.733915,-1125.496962,-1127.934435,-12881.731874,-1125.496965,-1127.934437,-1127.934302,-1130.371639,
22.7,-12939.196774,-1130.433115,-12994.527358,-1130.371636,-1132.808838,-12994.525309,-1130.371639,-1132.808840,-1132.808705,-1135.245771,
22.8,-13052.240085,-1135.307511,-13107.808242,-1135.245769,-1137.682699,-13107.806184,-1135.245771,-1137.682702,-1137.682566,-1140.119362,
22.9,-13165.770836,-1140.181366,-13221.576512,-1140.119359,-1142.556019,-13221.574445,-1140.119362,-1142.556022,-1142.555886,-1144.992411,
23.0,-13279.788973,-1145.054679,-13335.832114,-1144.992409,-1147.428798,-13335.830038,-1144.992411,-1147.428800,-1147.428665,-1149.864919,
23.1,-13394.294441,-1149.927451,-13450.574994,-1149.864917,-1152.301035,-13450.572909,-1149.864919,-1152.301038,-1152.300902,-1154.736886,
23.2,-13509.287186,-1154.799681,-13565.805097,-1154.736883,-1157.172731,-13565.803004,-1154.736886,-1157.172734,-1157.172598,-1159.608311,
23.3,-13624.767154,-1159.671370,-13681.522370,-1159.608308,-1162.043886,-13681.520268,-1159.608311,-1162.043888,-1162.043753,-1164.479195,
23.4,-13740.734291,-1164.542517,-13797.726759,-1164.479192,-1166.914499,-13797.724648,-1164.479195,-1166.914502,-1166.914366,-1169.349538,
23.5,-13857.188543,-1169.413124,-13914.418209,-1169.349535,-1171.784571,-13914.416089,-1169.349538,-1171.784574,-1171.784439,-1174.219339,
23.6,-13974.129855,-1174.283189,-14031.596666,-1174.219337,-1176.654103,-14031.594538,-1174.219339,-1176.654105,-1176.653970,-1179.088600,
23.7,-14091.558174,-1179.152713,-14149.262076,-1179.088598,-1181.523093,-14149.259939,-1179.088600,-1181.523095,-1181.522960,-1183.957320,
23.8,-14209.473445,-1184.021696,-14267.414386,-1183.957317,-1186.391542,-14267.412240,-1183.957320,-1186.391544,-1186.391409,-1188.825498,
23.9,-14327.875615,-1188.890138,-14386.053540,-1188.825496,-1191.259450,-14386.051385,-1188.825498,-1191.259453,-1191.259317,-1193.693136,
24.0,-14446.764629,-1193.758039,-14505.179485,-1193.693134,-1196.126818,-14505.177321,-1193.693136,-1196.126820,-1196.126685,-1198.560233,
24.1,-14566.140432,-1198.625400,-14624.792167,-1198.560231,-1200.993644,-14624.789994,-1198.560233,-1200.993647,-1200.993511,-1203.426790,
24.2,-14686.002972,-1203.492219,-14744.891531,-1203.426787,-1205.859930,-14744.889350,-1203.426790,-1205.859933,-1205.859797,-1208.292805,
24.3,-14806.352194,-1208.358498,-14865.477524,-1208.292803,-1210.725675,-14865.475334,-1208.292805,-1210.725678,-1210.725543,-1213.158280,
24.4,-14927.188044,-1213.224236,-14986.550092,-1213.158278,-1215.590880,-14986.547893,-1213.158280,-1215.590882,-1215.590747,-1218.023214,
24.5,-15048.510468,-1218.089433,-15108.109180,-1218.023212,-1220.455544,-15108.106972,-1218.023214,-1220.455547,-1220.455411,-1222.887608,
24.6,-15170.319411,-1222.954090,-15230.154734,-1222.887606,-1225.319668,-15230.152518,-1222.887608,-1225.319670,-1225.319535,-1227.751462,
24.7,-15292.614820,-1227.818206,-15352.686701,-1227.751459,-1230.183251,-15352.684476,-1227.751462,-1230.183253,-1230.183118,-1232.614775,
24.8,-15415.396640,-1232.681782,-15475.705026,-1232.614772,-1235.046294,-15475.702792,-1232.614775,-1235.046296,-1235.046161,-1237.477547,
24.9,-15538.664819,-1237.544817,-15599.209655,-1237.477545,-1239.908796,-15599.207413,-1237.477547,-1239.908799,-1239.908663,-1242.339780,
25.0,-15662.419300,-1242.407312,-15723.200535,-1242.339777,-1244.770758,-15723.198284,-1242.339780,-1244.770761,-1244.770626,-1247.201472,
25.1,-15786.660031,-1247.269267,-15847.677611,-1247.201469,-1249.632180,-15847.675351,-1247.201472,-1249.632183,-1249.632048,-1252.062624,
25.2,-15911.386958,-1252.130681,-15972.640829,-1252.062621,-1254.493062,-15972.638560,-1252.062624,-1254.493065,-1254.492930,-1256.923236,
25.3,-16036.600026,-1256.991556,-16098.090135,-1256.923233,-1259.353404,-16098.087857,-1256.923236,-1259.353407,-1259.353272,-1261.783308,
25.4,-16162.299182,-1261.851890,-16224.025475,-1261.783305,-1264.213206,-16224.023189,-1261.783308,-1264.213208,-1264.213074,-1266.642839,
25.5,-16288.484371,-1266.711684,-16350.446796,-1266.642837,-1269.072468,-16350.444501,-1266.642839,-1269.072470,-1269.072335,-1271.501831,
25.6,-16415.155539,-1271.570938,-16477.354043,-1271.501829,-1273.931190,-16477.351739,-1271.501831,-1273.931192,-1273.931057,-1276.360284,
25.7,-16542.312633,-1276.429653,-16604.747162,-1276.360281,-1278.789372,-16604.744849,-1276.360284,-1278.789375,-1278.789240,-1281.218196,
25.8,-16669.955598,-1281.287827,-16732.626099,-1281.218193,-1283.647014,-16732.623778,-1281.218196,-1283.647017,-1283.646882,-1286.075568,
25.9,-16798.084381,-1286.145462,-16860.990800,-1286.075566,-1288.504117,-16860.988470,-1286.075568,-1288.504120,-1288.503985,-1290.932401,
26.0,-16926.698927,-1291.002557,-16989.841212,-1290.932399,-1293.360680,-16989.838873,-1290.932401,-1293.360683,-1293.360548,-1295.788695,
26.1,-17055.799183,-1295.859112,-17119.177280,-1295.788692,-1298.216704,-17119.174933,-1295.788695,-1298.216706,-1298.216571,-1300.644448,
26.2,-17185.385094,-1300.715128,-17248.998950,-1300.644446,-1303.072188,-17248.996594,-1300.644448,-1303.072190,-1303.072055,-1305.499662,
26.3,-17315.456607,-1305.570604,-17379.306169,-1305.499660,-1307.927132,-17379.303804,-1305.499662,-1307.927135,-1307.927000,-1310.354337,
26.4,-17446.013667,-1310.425540,-17510.098882,-1310.354335,-1312.781537,-17510.096509,-1310.354337,-1312.781540,-1312.781405,-1315.208473,
26.5,-17577.056221,-1315.279938,-17641.377036,-1315.208470,-1317.635403,-17641.374654,-1315.208473,-1317.635405,-1317.635271,-1320.062069,
26.6,-17708.584215,-1320.133795,-17773.140576,-1320.062066,-1322.488729,-17773.138185,-1320.062069,-1322.488732,-1322.488597,-1324.915126,
26.7,-17840.597595,-1324.987114,-17905.389449,-1324.915123,-1327.341516,-17905.387050,-1324.915126,-1327.341519,-1327.341384,-1329.767643,
26.8,-17973.096306,-1329.839893,-18038.123601,-1329.767640,-1332.193764,-18038.121193,-1329.767643,-1332.193767,-1332.193632,-1334.619622,
26.9,-18106.080295,-1334.692133,-18171.342977,-1334.619619,-1337.045473,-18171.340560,-1334.619622,-1337.045476,-1337.045341,-1339.471061,
27.0,-18239.549508,-1339.543834,-18305.047525,-1339.471058,-1341.896643,-18305.045099,-1339.471061,-1341.896646,-1341.896511,-1344.321961,
27.1,-18373.503892,-1344.394996,-18439.237189,-1344.321959,-1346.747274,-18439.234754,-1344.321961,-1346.747277,-1346.747142,-1349.172323,
27.2,-18507.943391,-1349.245618,-18573.911916,-1349.172320,-1351.597366,-18573.909473,-1349.172323,-1351.597369,-1351.597234,-1354.022145,
27.3,-18642.867953,-1354.095702,-18709.071653,-1354.022143,-1356.446919,-18709.069201,-1354.022145,-1356.446922,-1356.446787,-1358.871429,
27.4,-18778.277524,-1358.945247,-18844.716345,-1358.871426,-1361.295933,-18844.713884,-1358.871429,-1361.295936,-1361.295801,-1363.720174,
27.5,-18914.172048,-1363.794253,-18980.845938,-1363.720171,-1366.144409,-18980.843469,-1363.720174,-1366.144412,-1366.144277,-1368.568380,
27.6,-19050.551474,-1368.642721,-19117.460379,-1368.568377,-1370.992346,-19117.457901,-1368.568380,-1370.992349,-1370.992214,-1373.416048,
27.7,-19187.415746,-1373.490649,-19254.559614,-1373.416045,-1375.839744,-19254.557127,-1373.416048,-1375.839747,-1375.839612,-1378.263177,
27.8,-19324.764811,-1378.338039,-19392.143588,-1378.263174,-1380.686604,-19392.141093,-1378.263177,-1380.686606,-1380.686472,-1383.109767,
27.9,-19462.598614,-1383.184890,-19530.212249,-1383.109764,-1385.532925,-19530.209744,-1383.109767,-1385.532928,-1385.532793,-1387.955819,
28.0,-19600.917103,-1388.031203,-19668.765541,-1387.955816,-1390.378707,-19668.763028,-1387.955819,-1390.378710,-1390.378576,-1392.801332,
28.1,-19739.720224,-1392.876978,-19807.803412,-1392.801330,-1395.223952,-19807.800890,-1392.801332,-1395.223954,-1395.223820,-1397.646307,
28.2,-19879.007922,-1397.722213,-19947.325807,-1397.646305,-1400.068658,-19947.323277,-1397.646307,-1400.068660,-1400.068526,-1402.490744,
28.3,-20018.780143,-1402.566911,-20087.332673,-1402.490741,-1404.912825,-20087.330134,-1402.490744,-1404.912828,-1404.912694,-1407.334643,
28.4,-20159.036834,-1407.411070,-20227.823955,-1407.334640,-1409.756455,-20227.821408,-1407.334643,-1409.756458,-1409.756323,-1412.178003,
28.5,-20299.777941,-1412.254691,-20368.799601,-1412.178000,-1414.599546,-20368.797044,-1412.178003,-1414.599549,-1414.599414,-1417.020826,
28.6,-20441.003410,-1417.097774,-20510.259555,-1417.020823,-1419.442099,-20510.256990,-1417.020826,-1419.442102,-1419.441968,-1421.863110,
28.7,-20582.713188,-1421.940319,-20652.203765,-1421.863107,-1424.284115,-20652.201192,-1421.863110,-1424.284117,-1424.283983,-1426.704856,
28.8,-20724.907219,-1426.782325,-20794.632177,-1426.704853,-1429.125592,-20794.629594,-1426.704856,-1429.125595,-1429.125460,-1431.546064,
28.9,-20867.585452,-1431.623794,-20937.544736,-1431.546061,-1433.966531,-20937.542145,-1431.546064,-1433.966534,-1433.966399,-1436.386735,
29.0,-21010.747831,-1436.464725,-21080.941389,-1436.386732,-1438.806933,-21080.938789,-1436.386735,-1438.806935,-1438.806801,-1441.226867,
29.1,-21154.394304,-1441.305117,-21224.822082,-1441.226864,-1443.646796,-21224.819474,-1441.226867,-1443.646799,-1443.646665,-1446.066462,
29.2,-21298.524816,-1446.144972,-21369.186762,-1446.066459,-1448.486122,-21369.184145,-1446.066462,-1448.486125,-1448.485991,-1450.905519,
29.3,-21443.139313,-1450.984290,-21514.035374,-1450.905516,-1453.324910,-21514.032748,-1450.905519,-1453.324913,-1453.324779,-1455.744039,
29.4,-21588.237742,-1455.823069,-21659.367865,-1455.744036,-1458.163161,-21659.365231,-1455.744039,-1458.163164,-1458.163030,-1460.582021,
29.5,-21733.820049,-1460.661311,-21805.184181,-1460.582018,-1463.000874,-21805.181538,-1460.582021,-1463.000877,-1463.000743,-1465.419465,
29.6,-21879.886180,-1465.499015,-21951.484269,-1465.419462,-1467.838050,-21951.481617,-1465.419465,-1467.838053,-1467.837918,-1470.256372,
29.7,-22026.436081,-1470.336182,-22098.268074,-1470.256369,-1472.674688,-22098.265413,-1470.256372,-1472.674691,-1472.674557,-1475.092741,
29.8,-22173.469700,-1475.172811,-22245.535542,-1475.092738,-1477.510789,-22245.532873,-1475.092741,-1477.510792,-1477.510657,-1479.928573,
29.9,-22320.986981,-1480.008903,-22393.286621,-1479.928570,-1482.346352,-22393.283944,-1479.928573,-1482.346355,-1482.346221,-1484.763868,
30.0,-22468.987871,-1484.844458,-22541.521256,-1484.763865,-1487.181378,-22541.518570,-1484.763868,-1487.181381,-1487.181247,-1489.598626,
30.1,-22617.472317,-1489.679475,-22690.239394,-1489.598623,-1492.015867,-22690.236699,-1489.598626,-1492.015870,-1492.015736,-1494.432846,
30.2,-22766.440264,-1494.513955,-22839.440981,-1494.432843,-1496.849819,-22839.438277,-1494.432846,-1496.849822,-1496.849688,-1499.266530,
30.3,-22915.891660,-1499.347898,-22989.125963,-1499.266527,-1501.683234,-22989.123251,-1499.266530,-1501.683237,-1501.683103,-1504.099676,
30.4,-23065.826450,-1504.181304,-23139.294286,-1504.099673,-1506.516112,-23139.291565,-1504.099676,-1506.516115,-1506.515981,-1508.932285,
30.5,-23216.244580,-1509.014173,-23289.945898,-1508.932282,-1511.348453,-23289.943168,-1508.932285,-1511.348456,-1511.348322,-1513.764358,
30.6,-23367.145997,-1513.846504,-23441.080743,-1513.764355,-1516.180257,-23441.078005,-1513.764358,-1516.180260,-1516.180126,-1518.595893,
30.7,-23518.530648,-1518.678299,-23592.698768,-1518.595890,-1521.011524,-23592.696022,-1518.595893,-1521.011527,-1521.011393,-1523.426892,
30.8,-23670.398478,-1523.509557,-23744.799921,-1523.426889,-1525.842254,-23744.797165,-1523.426892,-1525.842257,-1525.842123,-1528.257354,
30.9,-23822.749433,-1528.340278,-23897.384146,-1528.257351,-1530.672448,-23897.381382,-1528.257354,-1530.672451,-1530.672317,-1533.087279,
31.0,-23975.583461,-1533.170463,-24050.451391,-1533.087276,-1535.502105,-24050.448618,-1533.087279,-1535.502108,-1535.501974,-1537.916668,
31.1,-24128.900508,-1538.000111,-24204.001602,-1537.916665,-1540.331225,-24203.998820,-1537.916668,-1540.331228,-1540.331094,-1542.745520,
31.2,-24282.700519,-1542.829222,-24358.034724,-1542.745517,-1545.159809,-24358.031934,-1542.745520,-1545.159812,-1545.159678,-1547.573836,
31.3,-24436.983441,-1547.657796,-24512.550705,-1547.573833,-1549.987856,-24512.547906,-1547.573836,-1549.987859,-1549.987725,-1552.401615,
31.4,-24591.749220,-1552.485834,-24667.549491,-1552.401612,-1554.815367,-24667.546683,-1552.401615,-1554.815370,-1554.815236,-1557.228858,
31.5,-24746.997804,-1557.313336,-24823.031027,-1557.228854,-1559.642342,-24823.028211,-1557.228858,-1559.642345,-1559.642211,-1562.055564,
31.6,-24902.729137,-1562.140301,-24978.995261,-1562.055561,-1564.468780,-24978.992437,-1562.055564,-1564.468783,-1564.468649,-1566.881734,
31.7,-25058.943167,-1566.966730,-25135.442139,-1566.881731,-1569.294682,-25135.439306,-1566.881734,-1569.294685,-1569.294551,-1571.707368,
31.8,-25215.639840,-1571.792622,-25292.371608,-1571.707365,-1574.120048,-25292.368766,-1571.707368,-1574.120051,-1574.119917,-1576.532466,
31.9,-25372.819103,-1576.617979,-25449.783612,-1576.532463,-1578.944878,-25449.780762,-1576.532466,-1578.944881,-1578.944747,-1581.357028,
32.0,-25530.480901,-1581.442799,-25607.678100,-1581.357024,-1583.769171,-25607.675241,-1581.357028,-1583.769174,-1583.769040,-1586.181053,
32.1,-25688.625180,-1586.267083,-25766.055017,-1586.181050,-1588.592929,-25766.052150,-1586.181053,-1588.592932,-1588.592798,-1591.004543,
32.2,-25847.251889,-1591.090831,-25924.914310,-1591.004540,-1593.416151,-25924.911434,-1591.004543,-1593.416154,-1593.416020,-1595.827497,
32.3,-26006.360972,-1595.914043,-26084.255925,-1595.827493,-1598.238836,-26084.253040,-1595.827497,-1598.238840,-1598.238706,-1600.649915,
32.4,-26165.952376,-1600.736720,-26244.079809,-1600.649911,-1603.060986,-26244.076915,-1600.649915,-1603.060990,-1603.060856,-1605.471797,
32.5,-26326.026048,-1605.558860,-26404.385907,-1605.471793,-1607.882601,-26404.383005,-1605.471797,-1607.882604,-1607.882470,-1610.293143,
32.6,-26486.581934,-1610.380465,-26565.174168,-1610.293140,-1612.703679,-26565.171257,-1610.293143,-1612.703682,-1612.703548,-1615.113954,
32.7,-26647.619981,-1615.201533,-26726.444535,-1615.113951,-1617.524222,-26726.441616,-1615.113954,-1617.524225,-1617.524091,-1619.934229,
32.8,-26809.140134,-1620.022067,-26888.196958,-1619.934226,-1622.344229,-26888.194030,-1619.934229,-1622.344233,-1622.344099,-1624.753968,
32.9,-26971.142341,-1624.842064,-27050.431381,-1624.753965,-1627.163701,-27050.428444,-1624.753968,-1627.163704,-1627.163570,-1629.573172,
33.0,-27133.626547,-1629.661526,-27213.147751,-1629.573169,-1631.982637,-27213.144806,-1629.573172,-1631.982641,-1631.982507,-1634.391841,
33.1,-27296.592700,-1634.480453,-27376.346014,-1634.391838,-1636.801038,-27376.343061,-1634.391841,-1636.801041,-1636.800908,-1639.209974,
33.2,-27460.040745,-1639.298844,-27540.026118,-1639.209971,-1641.618904,-27540.023156,-1639.209974,-1641.618907,-1641.618773,-1644.027572,
33.3,-27623.970629,-1644.116699,-27704.188009,-1644.027569,-1646.436234,-27704.185038,-1644.027572,-1646.436237,-1646.436104,-1648.844635,
33.4,-27788.382299,-1648.934020,-27868.831632,-1648.844632,-1651.253029,-27868.828652,-1648.844635,-1651.253032,-1651.252899,-1653.661162,
33.5,-27953.275701,-1653.750805,-28033.956935,-1653.661159,-1656.069289,-28033.953947,-1653.661162,-1656.069292,-1656.069158,-1658.477155,
33.6,-28118.650782,-1658.567055,-28199.563864,-1658.477151,-1660.885014,-28199.560867,-1658.477155,-1660.885017,-1660.884883,-1663.292612,
33.7,-28284.507487,-1663.382769,-28365.652365,-1663.292608,-1665.700203,-28365.649360,-1663.292612,-1665.700207,-1665.700073,-1668.107534,
33.8,-28450.845764,-1668.197949,-28532.222385,-1668.107531,-1670.514858,-28532.219372,-1668.107534,-1670.514861,-1670.514728,-1672.921921,
33.9,-28617.665559,-1673.012594,-28699.273871,-1672.921918,-1675.328978,-28699.270849,-1672.921921,-1675.328981,-1675.328847,-1677.735774,
34.0,-28784.966818,-1677.826704,-28866.806769,-1677.735770,-1680.142563,-28866.803738,-1677.735774,-1680.142566,-1680.142432,-1682.549091,
34.1,-28952.749489,-1682.640278,-29034.821025,-1682.549088,-1684.955613,-29034.817986,-1682.549091,-1684.955616,-1684.955482,-1687.361874,
34.2,-29121.013517,-1687.453318,-29203.316587,-1687.361870,-1689.768128,-29203.313538,-1687.361874,-1689.768132,-1689.767998,-1692.174122,
34.3,-29289.758848,-1692.265824,-29372.293399,-1692.174118,-1694.580109,-29372.290343,-1692.174122,-1694.580112,-1694.579979,-1696.985835,
34.4,-29458.985431,-1697.077794,-29541.751410,-1696.985832,-1699.391555,-29541.748345,-1696.985835,-1699.391558,-1699.391425,-1701.797014,
34.5,-29628.693210,-1701.889230,-29711.690566,-1701.797010,-1704.202466,-29711.687492,-1701.797014,-1704.202470,-1704.202336,-1706.607658,
34.6,-29798.882133,-1706.700131,-29882.110812,-1706.607655,-1709.012843,-29882.107730,-1706.607658,-1709.012847,-1709.012713,-1711.417768,
34.7,-29969.552146,-1711.510498,-30053.012097,-1711.417764,-1713.822686,-30053.009006,-1711.417768,-1713.822689,-1713.822555,-1716.227343,
34.8,-30140.703196,-1716.320330,-30224.394365,-1716.227340,-1718.631994,-30224.391266,-1716.227343,-1718.631997,-1718.631863,-1721.036384,
34.9,-30312.335229,-1721.129628,-30396.257565,-1721.036380,-1723.440767,-30396.254457,-1721.036384,-1723.440771,-1723.440637,-1725.844891,
35.0,-30484.448192,-1725.938391,-30568.601641,-1725.844887,-1728.249007,-30568.598525,-1725.844891,-1728.249010,-1728.248877,-1730.652863,
35.1,-30657.042031,-1730.746620,-30741.426542,-1730.652859,-1733.056712,-30741.423417,-1730.652863,-1733.056715,-1733.056582,-1735.460301,
35.2,-30830.116693,-1735.554315,-30914.732213,-1735.460298,-1737.863883,-30914.729079,-1735.460301,-1737.863887,-1737.863753,-1740.267205,
35.3,-31003.672124,-1740.361475,-31088.518602,-1740.267202,-1742.670520,-31088.515459,-1740.267205,-1742.670524,-1742.670390,-1745.073575,
35.4,-31177.708272,-1745.168102,-31262.785654,-1745.073571,-1747.476623,-31262.782503,-1745.073575,-1747.476626,-1747.476493,-1749.879411,
35.5,-31352.225082,-1749.974194,-31437.533316,-1749.879407,-1752.282192,-31437.530156,-1749.879411,-1752.282195,-1752.282062,-1754.684713,
35.6,-31527.222501,-1754.779753,-31612.761535,-1754.684709,-1757.087227,-31612.758367,-1754.684713,-1757.087230,-1757.087097,-1759.489481,
35.7,-31702.700477,-1759.584777,-31788.470258,-1759.489477,-1761.891728,-31788.467081,-1759.489481,-1761.891732,-1761.891598,-1764.293715,
35.8,-31878.658954,-1764.389268,-31964.659431,-1764.293712,-1766.695695,-31964.656245,-1764.293715,-1766.695699,-1766.695566,-1769.097416,
35.9,-32055.097881,-1769.193225,-32141.329000,-1769.097412,-1771.499129,-32141.325806,-1769.097416,-1771.499133,-1771.498999,-1773.900583,
36.0,-32232.017204,-1773.996648,-32318.478913,-1773.900579,-1776.302029,-32318.475711,-1773.900583,-1776.302033,-1776.301899,-1778.703216,
36.1,-32409.416868,-1778.799537,-32496.109116,-1778.703212,-1781.104395,-32496.105905,-1778.703216,-1781.104399,-1781.104265,-1783.505315,
36.2,-32587.296822,-1783.601892,-32674.219555,-1783.505312,-1785.906228,-32674.216336,-1783.505315,-1785.906232,-1785.906098,-1788.306881,
36.3,-32765.657011,-1788.403714,-32852.810178,-1788.306878,-1790.707527,-32852.806950,-1788.306881,-1790.707531,-1790.707397,-1793.107914,
36.4,-32944.497383,-1793.205003,-33031.880931,-1793.107910,-1795.508293,-33031.877695,-1793.107914,-1795.508297,-1795.508163,-1797.908413,
36.5,-33123.817883,-1798.005758,-33211.431760,-1797.908409,-1800.308525,-33211.428515,-1797.908413,-1800.308529,-1800.308396,-1802.708378,
36.6,-33303.618459,-1802.805979,-33391.462613,-1802.708375,-1805.108224,-33391.459359,-1802.708378,-1805.108228,-1805.108095,-1807.507811,
36.7,-33483.899057,-1807.605668,-33571.973435,-1807.507807,-1809.907390,-33571.970173,-1807.507811,-1809.907394,-1809.907261,-1812.306710,
36.8,-33664.659624,-1812.404823,-33752.964174,-1812.306706,-1814.706023,-33752.960904,-1812.306710,-1814.706026,-1814.705893,-1817.105076,
36.9,-33845.900106,-1817.203444,-33934.434777,-1817.105072,-1819.504122,-33934.431498,-1817.105076,-1819.504126,-1819.503993,-1821.902909,
37.0,-34027.620450,-1822.001533,-34116.385189,-1821.902905,-1824.301689,-34116.381901,-1821.902909,-1824.301692,-1824.301559,-1826.700209,
37.1,-34209.820604,-1826.799088,-34298.815358,-1826.700205,-1829.098722,-34298.812062,-1826.700209,-1829.098725,-1829.098592,-1831.496976,
37.2,-34392.500512,-1831.596111,-34481.725230,-1831.496972,-1833.895222,-34481.721925,-1831.496976,-1833.895226,-1833.895093,-1836.293210,
37.3,-34575.660123,-1836.392600,-34665.114752,-1836.293206,-1838.691190,-34665.111439,-1836.293210,-1838.691193,-1838.691060,-1841.088911,
37.4,-34759.299383,-1841.188556,-34848.983871,-1841.088907,-1843.486624,-34848.980549,-1841.088911,-1843.486628,-1843.486495,-1845.884079,
37.5,-34943.418239,-1845.983980,-35033.332533,-1845.884075,-1848.281526,-35033.329203,-1845.884079,-1848.281530,-1848.281396,-1850.678714,
37.6,-35128.016637,-1850.778870,-35218.160686,-1850.678710,-1853.075895,-35218.157347,-1850.678714,-1853.075899,-1853.075765,-1855.472817,
37.7,-35313.094524,-1855.573228,-35403.468275,-1855.472813,-1857.869731,-35403.464928,-1855.472817,-1857.869735,-1857.869602,-1860.266387,
37.8,-35498.651847,-1860.367054,-35589.255249,-1860.266383,-1862.663035,-35589.251893,-1860.266387,-1862.663039,-1862.662906,-1865.059424,
37.9,-35684.688552,-1865.160346,-35775.521552,-1865.059420,-1867.455806,-35775.518188,-1865.059424,-1867.455810,-1867.455677,-1869.851929,
38.0,-35871.204587,-1869.953106,-35962.267133,-1869.851925,-1872.248045,-35962.263760,-1869.851929,-1872.248048,-1872.247915,-1874.643902,
38.1,-36058.199897,-1874.745333,-36149.491937,-1874.643898,-1877.039751,-36149.488556,-1874.643902,-1877.039755,-1877.039622,-1879.435342,
38.2,-36245.674431,-1879.537028,-36337.195912,-1879.435338,-1881.830925,-36337.192523,-1879.435342,-1881.830929,-1881.830795,-1884.226249,
38.3,-36433.628134,-1884.328191,-36525.379005,-1884.226246,-1886.621566,-36525.375607,-1884.226249,-1886.621570,-1886.621437,-1889.016625,
38.4,-36622.060953,-1889.118821,-36714.041161,-1889.016621,-1891.411676,-36714.037755,-1889.016625,-1891.411679,-1891.411546,-1893.806468,
38.5,-36810.972835,-1893.908919,-36903.182329,-1893.806464,-1896.201253,-36903.178914,-1893.806468,-1896.201256,-1896.201123,-1898.595779,
38.6,-37000.363727,-1898.698485,-37092.802454,-1898.595775,-1900.990298,-37092.799031,-1898.595779,-1900.990301,-1900.990168,-1903.384558,
38.7,-37190.233575,-1903.487518,-37282.901484,-1903.384554,-1905.778810,-37282.898052,-1903.384558,-1905.778814,-1905.778681,-1908.172805,
38.8,-37380.582327,-1908.276020,-37473.479365,-1908.172801,-1910.566791,-37473.475924,-1908.172805,-1910.566795,-1910.566662,-1912.960519,
38.9,-37571.409929,-1913.063989,-37664.536044,-1912.960516,-1915.354240,-37664.532595,-1912.960519,-1915.354244,-1915.354111,-1917.747702,
39.0,-37762.716328,-1917.851426,-37856.071468,-1917.747698,-1920.141157,-37856.068011,-1917.747702,-1920.141161,-1920.141028,-1922.534353,
39.1,-37954.501471,-1922.638332,-38048.085584,-1922.534349,-1924.927542,-38048.082118,-1922.534353,-1924.927546,-1924.927413,-1927.320472,
39.2,-38146.765304,-1927.424705,-38240.578338,-1927.320469,-1929.713395,-38240.574863,-1927.320472,-1929.713399,-1929.713266,-1932.106060,
39.3,-38339.507774,-1932.210547,-38433.549677,-1932.106056,-1934.498717,-38433.546194,-1932.106060,-1934.498721,-1934.498588,-1936.891115,
39.4,-38532.728829,-1936.995857,-38626.999549,-1936.891112,-1939.283507,-38626.996058,-1936.891115,-1939.283510,-1939.283378,-1941.675640,
39.5,-38726.428415,-1941.780635,-38820.927900,-1941.675636,-1944.067765,-38820.924400,-1941.675640,-1944.067769,-1944.067636,-1946.459632,
39.6,-38920.606478,-1946.564882,-39015.334676,-1946.459628,-1948.851491,-39015.331168,-1946.459632,-1948.851495,-1948.851363,-1951.243093,
39.7,-39115.262966,-1951.348597,-39210.219825,-1951.243089,-1953.634687,-39210.216309,-1951.243093,-1953.634691,-1953.634558,-1956.026022,
39.8,-39310.397826,-1956.131780,-39405.583294,-1956.026019,-1958.417350,-39405.579769,-1956.026022,-1958.417354,-1958.417222,-1960.808421,
39.9,-39506.011004,-1960.914432,-39601.425029,-1960.808417,-1963.199483,-39601.421495,-1960.808421,-1963.199487,-1963.199354,-1965.590287,
40.0,-39702.102447,-1965.696553,-39797.744977,-1965.590283,-1967.981084,-39797.741435,-1965.590287,-1967.981088,-1967.980955,-1970.371623,
40.1,-39898.672102,-1970.478142,-39994.543086,-1970.371619,-1972.762154,-39994.539535,-1970.371623,-1972.762158,-1972.762025,-1975.152427,
40.2,-40095.719917,-1975.259200,-40191.819301,-1975.152423,-1977.542692,-40191.815742,-1975.152427,-1977.542696,-1977.542563,-1979.932700,
40.3,-40293.245837,-1980.039727,-40389.573570,-1979.932696,-1982.322700,-40389.570003,-1979.932700,-1982.322704,-1982.322571,-1984.712442,
40.4,-40491.249809,-1984.819722,-40587.805840,-1984.712438,-1987.102176,-40587.802264,-1984.712442,-1987.102180,-1987.102047,-1989.491653,
40.5,-40689.731782,-1989.599187,-40786.516058,-1989.491649,-1991.881122,-40786.512473,-1989.491653,-1991.881125,-1991.880993,-1994.270333,
40.6,-40888.691700,-1994.378120,-40985.704170,-1994.270329,-1996.659536,-40985.700577,-1994.270333,-1996.659540,-1996.659407,-1999.048482,
40.7,-41088.129512,-1999.156523,-41185.370124,-1999.048478,-2001.437419,-41185.366522,-1999.048482,-2001.437423,-2001.437291,-2003.826100,
40.8,-41288.045165,-2003.934394,-41385.513866,-2003.826096,-2006.214772,-41385.510256,-2003.826100,-2006.214776,-2006.214643,-2008.603187,
40.9,-41488.438604,-2008.711735,-41586.135343,-2008.603183,-2010.991594,-41586.131725,-2008.603187,-2010.991598,-2010.991465,-2013.379743,
41.0,-41689.309778,-2013.488545,-41787.234502,-2013.379739,-2015.767885,-41787.230875,-2013.379743,-2015.767889,-2015.767756,-2018.155769,
41.1,-41890.658632,-2018.264824,-41988.811291,-2018.155765,-2020.543645,-41988.807656,-2018.155769,-2020.543650,-2020.543517,-2022.931264,
41.2,-42092.485114,-2023.040572,-42190.865655,-2022.931260,-2025.318875,-42190.862012,-2022.931264,-2025.318879,-2025.318747,-2027.706229,
41.3,-42294.789172,-2027.815790,-42393.397543,-2027.706225,-2030.093575,-42393.393891,-2027.706229,-2030.093579,-2030.093446,-2032.480663,
41.4,-42497.570751,-2032.590477,-42596.406900,-2032.480659,-2034.867743,-42596.403240,-2032.480663,-2034.867747,-2034.867615,-2037.254567,
41.5,-42700.829798,-2037.364634,-42799.893675,-2037.254563,-2039.641382,-42799.890006,-2037.254567,-2039.641386,-2039.641253,-2042.027940,
41.6,-42904.566262,-2042.138260,-43003.857813,-2042.027936,-2044.414490,-43003.854135,-2042.027940,-2044.414494,-2044.414361,-2046.800783,
41.7,-43108.780088,-2046.911355,-43208.299262,-2046.800779,-2049.187067,-43208.295576,-2046.800783,-2049.187072,-2049.186939,-2051.573095,
41.8,-43313.471223,-2051.683921,-43413.217969,-2051.573091,-2053.959115,-43413.214274,-2051.573095,-2053.959119,-2053.958986,-2056.344878,
41.9,-43518.639615,-2056.455956,-43618.613880,-2056.344873,-2058.730632,-43618.610177,-2056.344878,-2058.730636,-2058.730504,-2061.116130,
42.0,-43724.285211,-2061.227461,-43824.486943,-2061.116126,-2063.501619,-43824.483232,-2061.116130,-2063.501623,-2063.501491,-2065.886852,
42.1,-43930.407957,-2065.998436,-44030.837105,-2065.886848,-2068.272076,-44030.833386,-2065.886852,-2068.272080,-2068.271948,-2070.657044,
42.2,-44137.007800,-2070.768880,-44237.664313,-2070.657040,-2073.042003,-44237.660585,-2070.657044,-2073.042007,-2073.041875,-2075.426706,
42.3,-44344.084689,-2075.538795,-44444.968513,-2075.426702,-2077.811400,-44444.964777,-2075.426706,-2077.811404,-2077.811272,-2080.195838,
42.4,-44551.638568,-2080.308179,-44652.749653,-2080.195834,-2082.580267,-44652.745908,-2080.195838,-2082.580271,-2082.580139,-2084.964440,
42.5,-44759.669386,-2085.077034,-44861.007680,-2084.964436,-2087.348605,-44861.003927,-2084.964440,-2087.348609,-2087.348476,-2089.732512,
42.6,-44968.177089,-2089.845359,-45069.742540,-2089.732508,-2092.116412,-45069.738779,-2089.732512,-2092.116416,-2092.116284,-2094.500055,
42.7,-45177.161625,-2094.613154,-45278.954181,-2094.500051,-2096.883690,-45278.950411,-2094.500055,-2096.883694,-2096.883562,-2099.267068,
42.8,-45386.622941,-2099.380419,-45488.642550,-2099.267064,-2101.650438,-45488.638772,-2099.267068,-2101.650442,-2101.650310,-2104.033551,
42.9,-45596.560982,-2104.147154,-45698.807594,-2104.033547,-2106.416656,-45698.803807,-2104.033551,-2106.416661,-2106.416528,-2108.799505,
43.0,-45806.975698,-2108.913360,-45909.449260,-2108.799501,-2111.182345,-45909.445465,-2108.799505,-2111.182350,-2111.182217,-2113.564929,
43.1,-46017.867034,-2113.679037,-46120.567494,-2113.564925,-2115.947505,-46120.563691,-2113.564929,-2115.947509,-2115.947377,-2118.329824,
43.2,-46229.234938,-2118.444183,-46332.162245,-2118.329820,-2120.712135,-46332.158433,-2118.329824,-2120.712139,-2120.712007,-2123.094189,
43.3,-46441.079356,-2123.208801,-46544.233458,-2123.094185,-2125.476235,-46544.229638,-2123.094189,-2125.476240,-2125.476107,-2127.858025,
43.4,-46653.400236,-2127.972889,-46756.781082,-2127.858021,-2130.239807,-46756.777253,-2127.858025,-2130.239811,-2130.239679,-2132.621332,
43.5,-46866.197525,-2132.736447,-46969.805063,-2132.621328,-2135.002849,-46969.801225,-2132.621332,-2135.002853,-2135.002721,-2137.384109,
43.6,-47079.471170,-2137.499476,-47183.305347,-2137.384105,-2139.765362,-47183.301502,-2137.384109,-2139.765366,-2139.765234,-2142.146358,
43.7,-47293.221117,-2142.261977,-47397.281884,-2142.146353,-2144.527345,-47397.278030,-2142.146358,-2144.527350,-2144.527217,-2146.908077,
43.8,-47507.447315,-2147.023947,-47611.734618,-2146.908073,-2149.288800,-47611.730756,-2146.908077,-2149.288804,-2149.288672,-2151.669267,
43.9,-47722.149710,-2151.785389,-47826.663498,-2151.669263,-2154.049726,-47826.659627,-2151.669267,-2154.049730,-2154.049598,-2156.429928,
44.0,-47937.328249,-2156.546302,-48042.068471,-2156.429924,-2158.810122,-48042.064591,-2156.429928,-2158.810127,-2158.809994,-2161.190060,
44.1,-48152.982879,-2161.306686,-48257.949483,-2161.190056,-2163.569990,-48257.945595,-2161.190060,-2163.569994,-2163.569862,-2165.949664,
44.2,-48369.113547,-2166.066541,-48474.306482,-2165.949659,-2168.329329,-48474.302586,-2165.949664,-2168.329333,-2168.329201,-2170.708738,
44.3,-48585.720201,-2170.825866,-48691.139415,-2170.708734,-2173.088139,-48691.135510,-2170.708738,-2173.088143,-2173.088011,-2175.467284,
44.4,-48802.802788,-2175.584664,-48908.448229,-2175.467280,-2177.846420,-48908.444316,-2175.467284,-2177.846425,-2177.846293,-2180.225301,
44.5,-49020.361254,-2180.342932,-49126.232871,-2180.225297,-2182.604173,-49126.228950,-2180.225301,-2182.604178,-2182.604045,-2184.982790,
44.6,-49238.395548,-2185.100672,-49344.493288,-2184.982785,-2187.361397,-49344.489359,-2184.982790,-2187.361402,-2187.361270,-2189.739749,
44.7,-49456.905615,-2189.857883,-49563.229428,-2189.739745,-2192.118093,-49563.225490,-2189.739749,-2192.118097,-2192.117965,-2194.496181,
44.8,-49675.891403,-2194.614565,-49782.441237,-2194.496176,-2196.874260,-49782.437291,-2194.496181,-2196.874264,-2196.874132,-2199.252084,
44.9,-49895.352860,-2199.370719,-50002.128663,-2199.252079,-2201.629899,-50002.124709,-2199.252084,-2201.629903,-2201.629771,-2204.007458,
45.0,-50115.289931,-2204.126345,-50222.291653,-2204.007454,-2206.385009,-50222.287690,-2204.007458,-2206.385013,-2206.384881,-2208.762304,
45.1,-50335.702566,-2208.881442,-50442.930154,-2208.762300,-2211.139591,-50442.926183,-2208.762304,-2211.139595,-2211.139463,-2213.516622,
45.2,-50556.590710,-2213.636010,-50664.044113,-2213.516618,-2215.893645,-50664.040133,-2213.516622,-2215.893649,-2215.893517,-2218.270412,
45.3,-50777.954311,-2218.390051,-50885.633477,-2218.270407,-2220.647170,-50885.629489,-2218.270412,-2220.647174,-2220.647042,-2223.023673,
45.4,-50999.793316,-2223.143563,-51107.698194,-2223.023669,-2225.400167,-51107.694198,-2223.023673,-2225.400172,-2225.400040,-2227.776406,
45.5,-51222.107672,-2227.896547,-51330.238211,-2227.776402,-2230.152637,-51330.234206,-2227.776406,-2230.152641,-2230.152509,-2232.528612,
45.6,-51444.897327,-2232.649003,-51553.253475,-2232.528607,-2234.904578,-51553.249462,-2232.528612,-2234.904582,-2234.904450,-2237.280289,
45.7,-51668.162227,-2237.400931,-51776.743933,-2237.280285,-2239.655991,-51776.739911,-2237.280289,-2239.655996,-2239.655864,-2242.031438,
45.8,-51891.902321,-2242.152331,-52000.709532,-2242.031434,-2244.406877,-52000.705502,-2242.031438,-2244.406881,-2244.406749,-2246.782060,
45.9,-52116.117554,-2246.903203,-52225.150219,-2246.782055,-2249.157234,-52225.146181,-2246.782060,-2249.157239,-2249.157107,-2251.532153,
46.0,-52340.807874,-2251.653547,-52450.065943,-2251.532149,-2253.907064,-52450.061896,-2251.532153,-2253.907068,-2253.906936,-2256.281719,
46.1,-52565.973229,-2256.403363,-52675.456649,-2256.281715,-2258.656366,-52675.452594,-2256.281719,-2258.656370,-2258.656238,-2261.030758,
46.2,-52791.613565,-2261.152652,-52901.322286,-2261.030753,-2263.405140,-52901.318222,-2261.030758,-2263.405145,-2263.405013,-2265.779268,
46.3,-53017.728830,-2265.901412,-53127.662800,-2265.779264,-2268.153387,-53127.658728,-2265.779268,-2268.153391,-2268.153260,-2270.527251,
46.4,-53244.318971,-2270.649646,-53354.478138,-2270.527247,-2272.901106,-53354.474059,-2270.527251,-2272.901111,-2272.900979,-2275.274706,
46.5,-53471.383936,-2275.397351,-53581.768249,-2275.274702,-2277.648298,-53581.764161,-2275.274706,-2277.648302,-2277.648170,-2280.021634,
46.6,-53698.923671,-2280.144529,-53809.533079,-2280.021630,-2282.394962,-53809.528982,-2280.021634,-2282.394967,-2282.394835,-2284.768035,
46.7,-53926.938124,-2284.891180,-54037.772575,-2284.768030,-2287.141099,-54037.768470,-2284.768035,-2287.141103,-2287.140972,-2289.513908,
46.8,-54155.427242,-2289.637303,-54266.486685,-2289.513904,-2291.886708,-54266.482572,-2289.513908,-2291.886713,-2291.886581,-2294.259254,
46.9,-54384.390972,-2294.382899,-54495.675356,-2294.259250,-2296.631791,-54495.671234,-2294.259254,-2296.631795,-2296.631664,-2299.004073,
47.0,-54613.829262,-2299.127967,-54725.338535,-2299.004068,-2301.376346,-54725.334405,-2299.004073,-2301.376350,-2301.376219,-2303.748364,
47.1,-54843.742059,-2303.872509,-54955.476169,-2303.748360,-2306.120374,-54955.472031,-2303.748364,-2306.120378,-2306.120247,-2308.492129,
47.2,-55074.129310,-2308.616523,-55186.088207,-2308.492124,-2310.863875,-55186.084060,-2308.492129,-2310.863879,-2310.863747,-2313.235366,
47.3,-55304.990962,-2313.360010,-55417.174594,-2313.235362,-2315.606848,-55417.170439,-2313.235366,-2315.606853,-2315.606721,-2317.978077,
47.4,-55536.326963,-2318.102970,-55648.735279,-2317.978072,-2320.349295,-55648.731116,-2317.978077,-2320.349300,-2320.349168,-2322.720260,
47.5,-55768.137260,-2322.845403,-55880.770209,-2322.720255,-2325.091215,-55880.766037,-2322.720260,-2325.091220,-2325.091088,-2327.461917,
47.6,-56000.421800,-2327.587309,-56113.279330,-2327.461912,-2329.832608,-56113.275150,-2327.461916,-2329.832613,-2329.832481,-2332.203046,
47.7,-56233.180531,-2332.328688,-56346.262591,-2332.203042,-2334.573475,-56346.258403,-2332.203046,-2334.573479,-2334.573348,-2336.943649,
47.8,-56466.413400,-2337.069541,-56579.719938,-2336.943645,-2339.313814,-56579.715742,-2336.943649,-2339.313819,-2339.313687,-2341.683725,
47.9,-56700.120354,-2341.809866,-56813.651320,-2341.683721,-2344.053627,-56813.647115,-2341.683725,-2344.053632,-2344.053500,-2346.423275,
48.0,-56934.301341,-2346.549665,-57048.056683,-2346.423270,-2348.792914,-57048.052470,-2346.423275,-2348.792918,-2348.792787,-2351.162298,
48.1,-57168.956307,-2351.288937,-57282.935974,-2351.162293,-2353.531673,-57282.931753,-2351.162298,-2353.531678,-2353.531546,-2355.900795,
48.2,-57404.085201,-2356.027683,-57518.289141,-2355.900790,-2358.269906,-57518.284912,-2355.900795,-2358.269911,-2358.269780,-2360.638765,
48.3,-57639.687969,-2360.765902,-57754.116132,-2360.638760,-2363.007613,-57754.111894,-2360.638765,-2363.007618,-2363.007486,-2365.376208,
48.4,-57875.764560,-2365.503595,-57990.416893,-2365.376203,-2367.744794,-57990.412647,-2365.376208,-2367.744798,-2367.744667,-2370.113125,
48.5,-58112.314919,-2370.240761,-58227.191373,-2370.113121,-2372.481448,-58227.187118,-2370.113125,-2372.481452,-2372.481321,-2374.849516,
48.6,-58349.338995,-2374.977401,-58464.439517,-2374.849512,-2377.217576,-58464.435255,-2374.849516,-2377.217580,-2377.217449,-2379.585381,
48.7,-58586.836735,-2379.713515,-58702.161275,-2379.585376,-2381.953177,-58702.157004,-2379.585381,-2381.953182,-2381.953050,-2384.320720,
48.8,-58824.808087,-2384.449102,-58940.356593,-2384.320715,-2386.688253,-58940.352313,-2384.320720,-2386.688257,-2386.688126,-2389.055532,
48.9,-59063.252997,-2389.184163,-59179.025418,-2389.055527,-2391.422802,-59179.021130,-2389.055532,-2391.422807,-2391.422675,-2393.789818,
49.0,-59302.171413,-2393.918698,-59418.167698,-2393.789814,-2396.156825,-59418.163402,-2393.789818,-2396.156830,-2396.156699,-2398.523579,
49.1,-59541.563283,-2398.652707,-59657.783381,-2398.523574,-2400.890323,-59657.779076,-2398.523579,-2400.890327,-2400.890196,-2403.256813,
49.2,-59781.428554,-2403.386190,-59897.872413,-2403.256808,-2405.623294,-59897.868100,-2403.256813,-2405.623299,-2405.623167,-2407.989522,
49.3,-60021.767173,-2408.119148,-60138.434742,-2407.989517,-2410.355740,-60138.430421,-2407.989522,-2410.355745,-2410.355613,-2412.721704,
49.4,-60262.579088,-2412.851579,-60379.470316,-2412.721700,-2415.087660,-60379.465987,-2412.721704,-2415.087664,-2415.087533,-2417.453361,
49.5,-60503.864246,-2417.583484,-60620.979082,-2417.453357,-2419.819054,-60620.974745,-2417.453361,-2419.819058,-2419.818927,-2422.184493,
49.6,-60745.622594,-2422.314864,-60862.960988,-2422.184488,-2424.549922,-60862.956642,-2422.184493,-2424.549927,-2424.549795,-2426.915098,
49.7,-60987.854080,-2427.045718,-61105.415980,-2426.915093,-2429.280265,-61105.411626,-2426.915098,-2429.280270,-2429.280138,-2431.645178,
49.8,-61230.558652,-2431.776046,-61348.344006,-2431.645173,-2434.010082,-61348.339644,-2431.645178,-2434.010087,-2434.009955,-2436.374733,
49.9,-61473.736257,-2436.505849,-61591.745015,-2436.374728,-2438.739374,-61591.740644,-2436.374733,-2438.739378,-2438.739247,-2441.103762,
50.0,-61717.386842,-2441.235126,-61835.618952,-2441.103757,-2443.468140,-61835.614573,-2441.103762,-2443.468145,-2443.468013,-2445.832265,
50.1,-61961.510354,-2445.963877,-62079.965766,-2445.832260,-2448.196381,-62079.961379,-2445.832265,-2448.196386,-2448.196254,-2450.560243,
50.2,-62206.106742,-2450.692104,-62324.785404,-2450.560238,-2452.924096,-62324.781009,-2450.560243,-2452.924101,-2452.923970,-2455.287696,
50.3,-62451.175952,-2455.419804,-62570.077814,-2455.287691,-2457.651286,-62570.073410,-2455.287696,-2457.651291,-2457.651160,-2460.014624,
50.4,-62696.717933,-2460.146980,-62815.842942,-2460.014619,-2462.377951,-62815.838530,-2460.014624,-2462.377956,-2462.377825,-2464.741026,
50.5,-62942.732631,-2464.873630,-63062.080737,-2464.741021,-2467.104091,-63062.076317,-2464.741026,-2467.104096,-2467.103965,-2469.466904,
50.6,-63189.219994,-2469.599756,-63308.791146,-2469.466899,-2471.829706,-63308.786718,-2469.466904,-2471.829711,-2471.829580,-2474.192256,
50.7,-63436.179969,-2474.325356,-63555.974117,-2474.192251,-2476.554796,-63555.969680,-2474.192256,-2476.554801,-2476.554670,-2478.917083,
50.8,-63683.612505,-2479.050431,-63803.629597,-2478.917078,-2481.279361,-63803.625152,-2478.917083,-2481.279366,-2481.279234,-2483.641385,
50.9,-63931.517548,-2483.774981,-64051.757533,-2483.641381,-2486.003400,-64051.753080,-2483.641385,-2486.003405,-2486.003274,-2488.365163,
51.0,-64179.895046,-2488.499006,-64300.357873,-2488.365158,-2490.726915,-64300.353411,-2488.365163,-2490.726920,-2490.726789,-2493.088415,
51.1,-64428.744947,-2493.222506,-64549.430564,-2493.088410,-2495.449906,-64549.426095,-2493.088415,-2495.449911,-2495.449779,-2497.811143,
51.2,-64678.067197,-2497.945481,-64798.975555,-2497.811138,-2500.172371,-64798.971077,-2497.811143,-2500.172376,-2500.172245,-2502.533346,
51.3,-64927.861745,-2502.667931,-65048.992792,-2502.533341,-2504.894312,-65048.988306,-2502.533346,-2504.894317,-2504.894186,-2507.255025,
51.4,-65178.128538,-2507.389857,-65299.482223,-2507.255020,-2509.615728,-65299.477729,-2507.255025,-2509.615733,-2509.615602,-2511.976179,
51.5,-65428.867524,-2512.111258,-65550.443796,-2511.976174,-2514.336619,-65550.439293,-2511.976179,-2514.336624,-2514.336493,-2516.696808,
51.6,-65680.078650,-2516.832135,-65801.877458,-2516.696803,-2519.056986,-65801.872947,-2516.696808,-2519.056991,-2519.056860,-2521.416913,
51.7,-65931.761863,-2521.552487,-66053.783156,-2521.416908,-2523.776829,-66053.778637,-2521.416913,-2523.776834,-2523.776703,-2526.136493,
51.8,-66183.917112,-2526.272314,-66306.160839,-2526.136488,-2528.496147,-66306.156312,-2526.136493,-2528.496152,-2528.496021,-2530.855549,
51.9,-66436.544343,-2530.991617,-66559.010454,-2530.855544,-2533.214941,-66559.005918,-2530.855549,-2533.214946,-2533.214815,-2535.574081,
52.0,-66689.643505,-2535.710396,-66812.331948,-2535.574076,-2537.933210,-66812.327404,-2535.574081,-2537.933215,-2537.933084,-2540.292088,
52.1,-66943.214545,-2540.428651,-67066.125269,-2540.292083,-2542.650956,-67066.120717,-2540.292088,-2542.650961,-2542.650830,-2545.009571,
52.2,-67197.257410,-2545.146381,-67320.390365,-2545.009566,-2547.368177,-67320.385804,-2545.009571,-2547.368182,-2547.368051,-2549.726530,
52.3,-67451.772048,-2549.863587,-67575.127182,-2549.726525,-2552.084874,-67575.122614,-2549.726530,-2552.084879,-2552.084748,-2554.442965,
52.4,-67706.758407,-2554.580268,-67830.335670,-2554.442960,-2556.801047,-67830.331093,-2554.442965,-2556.801052,-2556.800921,-2559.158876,
52.5,-67962.216433,-2559.296426,-68086.015775,-2559.158871,-2561.516696,-68086.011189,-2559.158876,-2561.516701,-2561.516570,-2563.874264,
52.6,-68218.146076,-2564.012060,-68342.167444,-2563.874258,-2566.231821,-68342.162851,-2563.874263,-2566.231826,-2566.231695,-2568.589127,
52.7,-68474.547282,-2568.727170,-68598.790626,-2568.589122,-2570.946422,-68598.786025,-2568.589127,-2570.946427,-2570.946296,-2573.303466,
52.8,-68731.419999,-2573.441756,-68855.885268,-2573.303461,-2575.660500,-68855.880659,-2573.303466,-2575.660505,-2575.660374,-2578.017281,
52.9,-68988.764175,-2578.155818,-69113.451318,-2578.017276,-2580.374053,-69113.446700,-2578.017281,-2580.374058,-2580.373927,-2582.730573,
53.0,-69246.579756,-2582.869356,-69371.488724,-2582.730568,-2585.087083,-69371.484098,-2582.730573,-2585.087088,-2585.086957,-2587.443341,
53.1,-69504.866692,-2587.582370,-69629.997432,-2587.443336,-2589.799589,-69629.992798,-2587.443341,-2589.799594,-2589.799464,-2592.155586,
53.2,-69763.624929,-2592.294861,-69888.977391,-2592.155581,-2594.511572,-69888.972748,-2592.155586,-2594.511577,-2594.511446,-2596.867307,
53.3,-70022.854415,-2597.006828,-70148.428548,-2596.867302,-2599.223031,-70148.423897,-2596.867307,-2599.223036,-2599.222906,-2601.578504,
53.4,-70282.555098,-2601.718272,-70408.350851,-2601.578499,-2603.933967,-70408.346192,-2601.578504,-2603.933972,-2603.933841,-2606.289178,
53.5,-70542.726925,-2606.429192,-70668.744248,-2606.289173,-2608.644379,-70668.739581,-2606.289178,-2608.644384,-2608.644254,-2610.999329,
53.6,-70803.369844,-2611.139589,-70929.608686,-2610.999324,-2613.354268,-70929.604010,-2610.999329,-2613.354273,-2613.354143,-2615.708956,
53.7,-71064.483803,-2615.849462,-71190.944113,-2615.708951,-2618.063634,-71190.939429,-2615.708956,-2618.063639,-2618.063508,-2620.418060,
53.8,-71326.068749,-2620.558813,-71452.750476,-2620.418055,-2622.772476,-71452.745784,-2620.418060,-2622.772481,-2622.772351,-2625.126641,
53.9,-71588.124631,-2625.267639,-71715.027724,-2625.126636,-2627.480795,-71715.023024,-2625.126641,-2627.480801,-2627.480670,-2629.834699,
54.0,-71850.651395,-2629.975943,-71977.775803,-2629.834694,-2632.188592,-71977.771095,-2629.834699,-2632.188597,-2632.188466,-2634.542233,
54.1,-72113.648989,-2634.683723,-72240.994662,-2634.542228,-2636.895865,-72240.989946,-2634.542233,-2636.895870,-2636.895739,-2639.249245,
54.2,-72377.117361,-2639.390981,-72504.684249,-2639.249240,-2641.602615,-72504.679524,-2639.249245,-2641.602620,-2641.602489,-2643.955734,
54.3,-72641.056459,-2644.097715,-72768.844510,-2643.955728,-2646.308842,-72768.839778,-2643.955734,-2646.308847,-2646.308716,-2648.661699,
54.4,-72905.466231,-2648.803926,-73033.475395,-2648.661694,-2651.014546,-73033.470654,-2648.661699,-2651.014551,-2651.014421,-2653.367142,
54.5,-73170.346623,-2653.509615,-73298.576849,-2653.367137,-2655.719728,-73298.572100,-2653.367142,-2655.719733,-2655.719602,-2658.072062,
54.6,-73435.697585,-2658.214780,-73564.148822,-2658.072057,-2660.424386,-73564.144065,-2658.072062,-2660.424391,-2660.424261,-2662.776459,
54.7,-73701.519063,-2662.919423,-73830.191261,-2662.776454,-2665.128522,-73830.186495,-2662.776459,-2665.128527,-2665.128397,-2667.480334,
54.8,-73967.811005,-2667.623543,-74096.704113,-2667.480329,-2669.832135,-74096.699339,-2667.480334,-2669.832141,-2669.832010,-2672.183686,
54.9,-74234.573360,-2672.327141,-74363.687326,-2672.183681,-2674.535226,-74363.682544,-2672.183686,-2674.535231,-2674.535101,-2676.886515,
55.0,-74501.806074,-2677.030215,-74631.140849,-2676.886510,-2679.237794,-74631.136059,-2676.886515,-2679.237800,-2679.237669,-2681.588822,
55.1,-74769.509095,-2681.732768,-74899.064628,-2681.588817,-2683.939840,-74899.059830,-2681.588822,-2683.939845,-2683.939715,-2686.290607,
55.2,-75037.682372,-2686.434797,-75167.458612,-2686.290602,-2688.641363,-75167.453806,-2686.290607,-2688.641369,-2688.641238,-2690.991869,
55.3,-75306.325852,-2691.136305,-75436.322749,-2690.991864,-2693.342364,-75436.317934,-2690.991869,-2693.342369,-2693.342239,-2695.692609,
55.4,-75575.439482,-2695.837289,-75705.656985,-2695.692603,-2698.042843,-75705.652162,-2695.692609,-2698.042848,-2698.042717,-2700.392826,
55.5,-75845.023211,-2700.537752,-75975.461269,-2700.392821,-2702.742799,-75975.456438,-2700.392826,-2702.742804,-2702.742674,-2705.092521,
55.6,-76115.076986,-2705.237692,-76245.735549,-2705.092516,-2707.442233,-76245.730710,-2705.092521,-2707.442239,-2707.442108,-2709.791695,
55.7,-76385.600756,-2709.937110,-76516.479773,-2709.791689,-2712.141145,-76516.474925,-2709.791695,-2712.141151,-2712.141020,-2714.490346,
55.8,-76656.594467,-2714.636006,-76787.693887,-2714.490340,-2716.839535,-76787.689032,-2714.490346,-2716.839541,-2716.839410,-2719.188474,
55.9,-76928.058067,-2719.334380,-77059.377841,-2719.188469,-2721.537403,-77059.372977,-2719.188474,-2721.537408,-2721.537278,-2723.886081,
56.0,-77199.991505,-2724.032232,-77331.531581,-2723.886076,-2726.234749,-77331.526709,-2723.886081,-2726.234754,-2726.234624,-2728.583166,
56.1,-77472.394728,-2728.729561,-77604.155056,-2728.583161,-2730.931573,-77604.150176,-2728.583166,-2730.931579,-2730.931448,-2733.279730,
56.2,-77745.267685,-2733.426369,-77877.248213,-2733.279724,-2735.627875,-77877.243325,-2733.279730,-2735.627881,-2735.627750,-2737.975771,
56.3,-78018.610322,-2738.122655,-78150.811001,-2737.975766,-2740.323656,-78150.806104,-2737.975771,-2740.323661,-2740.323531,-2742.671291,
56.4,-78292.422587,-2742.818419,-78424.843366,-2742.671285,-2745.018915,-78424.838462,-2742.671291,-2745.018920,-2745.018790,-2747.366289,
56.5,-78566.704429,-2747.513662,-78699.345258,-2747.366283,-2749.713652,-78699.340345,-2747.366289,-2749.713657,-2749.713527,-2752.060765,
56.6,-78841.455795,-2752.208382,-78974.316623,-2752.060759,-2754.407867,-78974.311702,-2752.060765,-2754.407873,-2754.407742,-2756.754719,
56.7,-79116.676633,-2756.902582,-79249.757409,-2756.754714,-2759.101561,-79249.752481,-2756.754719,-2759.101566,-2759.101436,-2761.448153,
56.8,-79392.366892,-2761.596259,-79525.667566,-2761.448147,-2763.794733,-79525.662629,-2761.448153,-2763.794739,-2763.794608,-2766.141064,
56.9,-79668.526517,-2766.289415,-79802.047039,-2766.141059,-2768.487384,-79802.042094,-2766.141064,-2768.487390,-2768.487259,-2770.833455,
57.0,-79945.155459,-2770.982049,-80078.895777,-2770.833449,-2773.179514,-80078.890824,-2770.833455,-2773.179519,-2773.179389,-2775.525324,
57.1,-80222.253664,-2775.674163,-80356.213729,-2775.525318,-2777.871122,-80356.208767,-2775.525324,-2777.871128,-2777.870997,-2780.216671,
57.2,-80499.821080,-2780.365754,-80634.000841,-2780.216666,-2782.562209,-80633.995871,-2780.216671,-2782.562215,-2782.562084,-2784.907498,
57.3,-80777.857656,-2785.056825,-80912.257062,-2784.907492,-2787.252775,-80912.252084,-2784.907498,-2787.252781,-2787.252650,-2789.597803,
57.4,-81056.363338,-2789.747374,-81190.982339,-2789.597797,-2791.942820,-81190.977354,-2789.597803,-2791.942825,-2791.942695,-2794.287587,
57.5,-81335.338075,-2794.437402,-81470.176621,-2794.287582,-2796.632343,-81470.171627,-2794.287587,-2796.632349,-2796.632219,-2798.976850,
57.6,-81614.781816,-2799.126909,-81749.839856,-2798.976845,-2801.321346,-81749.834854,-2798.976850,-2801.321351,-2801.321221,-2803.665592,
57.7,-81894.694507,-2803.815895,-82029.971990,-2803.665587,-2806.009827,-82029.966980,-2803.665592,-2806.009833,-2806.009703,-2808.353813,
57.8,-82175.076096,-2808.504360,-82310.572973,-2808.353808,-2810.697788,-82310.567955,-2808.353813,-2810.697794,-2810.697664,-2813.041514,
57.9,-82455.926532,-2813.192304,-82591.642752,-2813.041508,-2815.385228,-82591.637725,-2813.041514,-2815.385234,-2815.385103,-2817.728693,
58.0,-82737.245762,-2817.879727,-82873.181275,-2817.728687,-2820.072147,-82873.176240,-2817.728693,-2820.072153,-2820.072022,-2822.415352,
58.1,-83019.033735,-2822.566629,-83155.188489,-2822.415346,-2824.758545,-83155.183447,-2822.415352,-2824.758551,-2824.758421,-2827.101490,
58.2,-83301.290398,-2827.253011,-83437.664344,-2827.101484,-2829.444423,-83437.659293,-2827.101490,-2829.444428,-2829.444298,-2831.787107,
58.3,-83584.015699,-2831.938871,-83720.608786,-2831.787101,-2834.129780,-83720.603727,-2831.787107,-2834.129785,-2834.129655,-2836.472204,
58.4,-83867.209586,-2836.624212,-84004.021764,-2836.472198,-2838.814616,-84004.016697,-2836.472204,-2838.814622,-2838.814492,-2841.156780,
58.5,-84150.872007,-2841.309031,-84287.903226,-2841.156774,-2843.498932,-84287.898151,-2841.156780,-2843.498938,-2843.498808,-2845.840836,
58.6,-84435.002911,-2845.993330,-84572.253119,-2845.840830,-2848.182728,-84572.248036,-2845.840836,-2848.182733,-2848.182603,-2850.524371,
58.7,-84719.602244,-2850.677109,-84857.071392,-2850.524365,-2852.866003,-84857.066300,-2850.524371,-2852.866008,-2852.865878,-2855.207386,
58.8,-85004.669954,-2855.360367,-85142.357992,-2855.207380,-2857.548757,-85142.352893,-2855.207386,-2857.548763,-2857.548633,-2859.889880,
58.9,-85290.205991,-2860.043104,-85428.112868,-2859.889875,-2862.230992,-85428.107760,-2859.889880,-2862.230997,-2862.230867,-2864.571855,
59.0,-85576.210302,-2864.725322,-85714.335967,-2864.571849,-2866.912706,-85714.330851,-2864.571855,-2866.912712,-2866.912582,-2869.253309,
59.1,-85862.682834,-2869.407019,-86001.027238,-2869.253303,-2871.593900,-86001.022114,-2869.253309,-2871.593906,-2871.593776,-2873.934243,
59.2,-86149.623536,-2874.088196,-86288.186628,-2873.934237,-2876.274574,-86288.181496,-2873.934243,-2876.274580,-2876.274450,-2878.614657,
59.3,-86437.032355,-2878.768853,-86575.814085,-2878.614651,-2880.954728,-86575.808945,-2878.614657,-2880.954734,-2880.954604,-2883.294551,
59.4,-86724.909241,-2883.448990,-86863.909558,-2883.294545,-2885.634362,-86863.904410,-2883.294551,-2885.634368,-2885.634238,-2887.973925,
59.5,-87013.254140,-2888.128607,-87152.472994,-2887.973919,-2890.313476,-87152.467838,-2887.973925,-2890.313482,-2890.313352,-2892.652779,
59.6,-87302.067000,-2892.807703,-87441.504342,-2892.652773,-2894.992070,-87441.499177,-2892.652779,-2894.992076,-2894.991946,-2897.331113,
59.7,-87591.347770,-2897.486280,-87731.003549,-2897.331107,-2899.670144,-87730.998376,-2897.331113,-2899.670150,-2899.670020,-2902.008927,
59.8,-87881.096399,-2902.164337,-88020.970563,-2902.008922,-2904.347699,-88020.965383,-2902.008927,-2904.347705,-2904.347575,-2906.686222,
59.9,-88171.312832,-2906.841875,-88311.405333,-2906.686216,-2909.024734,-88311.400144,-2906.686222,-2909.024739,-2909.024610,-2911.362997,
60.0,-88461.997020,-2911.518892,-88602.307806,-2911.362991,-2913.701249,-88602.302610,-2911.362997,-2913.701255,-2913.701125,-2916.039253,
