48.000000 364.072130
48.040000 387.254891
48.080000 411.504980
48.120000 434.481978
48.160000 454.024192
48.200000 468.256180
48.240000 475.739739
48.280000 475.827954
48.320000 468.544716
48.360000 454.445532
48.400000 435.020483
48.440000 412.073686
48.480000 387.844106
48.520000 364.652616
48.560000 344.679635
48.600000 329.725761
48.640000 321.345945
48.680000 320.240308
48.720000 326.424520
48.760000 339.438681
48.800000 358.029497
48.840000 380.348957
48.880000 404.349100
48.920000 427.728299
48.960000 448.339784
49.000000 464.190892
49.040000 473.727891
49.080000 476.079146
49.120000 471.067484
49.160000 459.070286
49.200000 441.288805
49.240000 419.409945
49.280000 395.512635
49.320000 371.931814
49.360000 350.682323
49.400000 334.011208
49.440000 323.333842
49.480000 319.729001
49.520000 323.431128
49.560000 334.227208
49.600000 351.047334
49.640000 372.345635
49.680000 395.881313
49.720000 419.742804
49.760000 441.412101
49.800000 458.962880
49.840000 470.640611
49.880000 475.380212
49.920000 472.759946
49.960000 463.041039
50.000000 447.134635
50.040000 426.638098
50.080000 403.461911
50.120000 379.836994
50.160000 358.065658
50.200000 340.125899
50.240000 327.719021
50.280000 321.980722
50.320000 323.508904
50.360000 332.110878
50.400000 346.887855
50.440000 366.595071
50.480000 389.398622
50.520000 412.881563
50.560000 435.000944
50.600000 453.663379
50.640000 467.003043
50.680000 473.814035
50.720000 473.331330
50.760000 465.674392
50.800000 451.570800
50.840000 432.383463
50.880000 409.901777
50.920000 386.334807
50.960000 363.930510
51.000000 344.807013
51.040000 330.761476
51.080000 323.082582
51.120000 322.552659
51.160000 329.131239
51.200000 342.168700
51.240000 360.518369
51.280000 382.454414
51.320000 405.843523
51.360000 428.520350
51.400000 448.283456
51.440000 463.290070
51.480000 472.072644
51.520000 473.874317
51.560000 468.432011
51.600000 456.339245
51.640000 438.689311
51.680000 417.222136
51.720000 393.924397
51.760000 371.098506
51.800000 350.770905
51.840000 334.970803
51.880000 325.096043
51.920000 322.087612
51.960000 326.276105
52.000000 337.216850
52.040000 353.930223
52.080000 374.771780
52.120000 397.791379
52.160000 420.845222
52.200000 441.735217
52.240000 458.357948
52.280000 469.218701
52.320000 473.235683
52.360000 470.149263
52.400000 460.155899
52.440000 444.303926
52.480000 424.109229
52.520000 401.446964
52.560000 378.542411
52.600000 357.588214
52.640000 340.536678
52.680000 328.931862
52.720000 323.942631
52.760000 326.008423
52.800000 334.853762
52.840000 349.713271
52.880000 369.169099
52.920000 391.385177
52.960000 414.264832
53.000000 435.571816
53.040000 453.341861
53.080000 465.832958
53.120000 471.888482
53.160000 470.881524
53.200000 462.888109
53.240000 448.738661
53.280000 429.747670
53.320000 407.803227
53.360000 384.860983
53.400000 363.236372
53.440000 344.955906
53.480000 331.725382
53.520000 324.750398
53.560000 324.718134
53.600000 331.620767
53.640000 344.850953
53.680000 363.051759
53.720000 384.595847
53.760000 407.387388
53.800000 429.294902
53.840000 448.240609
53.880000 462.437496
53.920000 470.515162
53.960000 471.665140
54.000000 465.859500
54.040000 453.607562
54.080000 436.128675
54.120000 415.037738
54.160000 392.374263
54.200000 370.219580
54.240000 350.819201
54.280000 335.881365
54.320000 326.767539
54.360000 324.437986
54.400000 329.058971
54.440000 340.189970
54.480000 356.790519
54.520000 377.271267
54.560000 399.798052
54.600000 422.028408
54.640000 442.027817
54.680000 457.793680
54.720000 467.814912
54.760000 471.201383
54.800000 467.605176
54.840000 457.359760
54.880000 441.483297
54.920000 421.560948
54.960000 399.448088
55.000000 377.254718
55.040000 357.124460
55.080000 340.886584
55.120000 330.130853
55.160000 325.863828
55.200000 328.444394
55.240000 337.584695
55.280000 352.451493
55.320000 371.694423
55.360000 393.450073
55.400000 415.632079
55.440000 436.139277
55.480000 453.064634
55.520000 464.737745
55.560000 470.082630
55.600000 468.500513
55.640000 460.193512
55.680000 446.003256
55.720000 427.205050
55.760000 405.624002
55.800000 383.340385
55.840000 362.497509
55.880000 345.047680
55.920000 332.584067
55.960000 326.313706
56.000000 326.865076
56.040000 334.153777
56.080000 347.453750
56.120000 365.526970
56.160000 386.689192
56.200000 408.917383
56.240000 430.086909
56.280000 448.243548
56.320000 461.596697
56.360000 468.933753
56.400000 469.488063
56.440000 463.276313
56.480000 450.913694
56.520000 433.466318
56.560000 412.881143
56.600000 390.712420
56.640000 369.360766
56.680000 350.770327
56.720000 336.688572
56.760000 328.355965
56.800000 326.699987
56.840000 331.746849
56.880000 343.087249
56.920000 359.617536
56.960000 379.774582
57.000000 401.716120
57.040000 423.288596
57.080000 442.360239
57.120000 457.262283
57.160000 466.470085
57.200000 469.171179
57.240000 465.075983
57.280000 454.562969
57.320000 438.742041
57.360000 419.085673
57.400000 397.449142
57.440000 375.966331
57.480000 356.641501
57.520000 341.312863
57.560000 331.358439
57.600000 327.752166
57.640000 330.855270
57.680000 340.292719
57.720000 355.210930
57.760000 374.218374
57.800000 395.520654
57.840000 417.043760
57.880000 436.752533
57.920000 452.826294
57.960000 463.658873
58.000000 468.245345
58.040000 466.120769
58.080000 457.555436
58.120000 443.273851
58.160000 424.667484
58.200000 403.508673
58.240000 381.847395
58.280000 361.751461
58.320000 345.049890
58.360000 333.443510
58.400000 327.902266
58.440000 328.998023
58.480000 336.616368
58.520000 350.085344
58.560000 368.004515
58.600000 388.797592
58.640000 410.482844
58.680000 430.941701
58.720000 448.260121
58.760000 460.810009
58.800000 467.362063
58.840000 467.310780
58.880000 460.723609
58.920000 448.159286
58.960000 430.894303
59.000000 410.514165
59.040000 388.929733
59.080000 368.417186
59.120000 350.669172
59.160000 337.410903
59.200000 329.894153
59.240000 328.840064
59.280000 334.369611
59.320000 345.851206
59.360000 362.344599
59.400000 382.209817
59.440000 403.570799
59.480000 424.425006
59.520000 442.682513
59.560000 456.719092
59.600000 465.132517
59.640000 467.164731
59.680000 462.587689
59.720000 451.853733
59.760000 436.023714
59.800000 416.642839
59.840000 395.524766
59.880000 374.693955
59.920000 356.173681
59.960000 341.648838
60.000000 332.522901
60.040000 329.645404
60.080000 333.232141
60.120000 342.939162
60.160000 357.909000
60.200000 376.725130
60.240000 397.515451
60.280000 418.416789
60.320000 437.378368
60.360000 452.619339
60.400000 462.660592
60.440000 466.490194
60.480000 463.822047
60.520000 454.901721
60.560000 440.564509
