0.000000 311.719812
0.040000 356.601060
0.080000 405.982453
0.120000 453.135884
0.160000 495.011368
0.200000 528.773105
0.240000 548.671524
0.280000 554.746027
0.320000 546.543030
0.360000 523.116063
0.400000 488.928561
0.440000 446.048100
0.480000 398.110604
0.520000 351.119237
0.560000 308.737012
0.600000 274.232928
0.640000 251.350206
0.680000 242.464805
0.720000 248.295134
0.760000 268.235411
0.800000 300.242371
0.840000 341.208990
0.880000 387.646763
0.920000 435.230327
0.960000 478.965532
1.000000 515.106716
1.040000 540.183369
1.080000 551.365728
1.120000 548.240282
1.160000 530.703446
1.200000 500.515655
1.240000 460.986606
1.280000 415.327610
1.320000 368.421078
1.360000 324.687677
1.400000 288.017295
1.440000 261.662685
1.480000 248.398797
1.520000 249.146092
1.560000 264.123764
1.600000 291.542382
1.640000 328.628060
1.680000 372.847066
1.720000 419.763548
1.760000 464.189369
1.800000 502.563544
1.840000 531.501108
1.880000 547.216259
1.920000 549.257896
1.960000 536.807035
2.000000 510.982651
2.040000 474.814928
2.080000 430.945850
2.120000 383.889062
2.160000 338.499375
2.200000 298.507203
2.240000 267.623106
2.280000 248.851060
2.320000 244.121212
2.360000 253.804674
2.400000 277.116118
2.440000 311.554990
2.480000 353.831446
2.520000 400.086170
2.560000 446.144993
2.600000 487.456028
2.640000 519.895710
2.680000 540.843169
2.720000 547.996037
2.760000 540.865417
2.800000 520.469683
2.840000 488.333515
2.880000 448.027966
2.920000 403.488898
2.960000 358.328757
3.000000 317.566553
3.040000 284.699612
3.080000 262.696396
3.120000 253.277653
3.160000 257.457062
3.200000 274.851451
3.240000 303.879653
3.280000 342.075661
3.320000 385.748635
3.360000 430.734684
3.400000 472.737655
3.440000 507.918840
3.480000 532.574514
3.520000 544.692224
3.560000 542.753120
3.600000 526.913301
3.640000 499.010809
3.680000 461.221724
3.720000 417.429668
3.760000 371.976764
3.800000 328.748084
3.840000 292.023984
3.880000 265.413303
3.920000 251.278590
3.960000 250.762469
4.000000 264.043320
4.040000 289.802611
4.080000 325.804744
4.120000 368.514267
4.160000 413.708776
4.200000 457.384300
4.240000 495.552057
4.280000 523.975627
4.320000 540.624541
4.360000 543.809635
4.400000 532.861267
4.440000 509.550343
4.480000 475.565244
4.520000 434.279000
4.560000 389.961693
4.600000 346.257189
4.640000 307.641904
4.680000 277.685059
4.720000 259.157137
4.760000 253.531217
4.800000 261.366518
4.840000 282.050381
4.880000 313.870389
4.920000 353.831738
4.960000 397.577374
5.000000 441.481544
5.040000 481.383271
5.080000 513.124222
5.120000 533.880814
5.160000 541.809130
5.200000 535.802414
5.240000 516.866933
5.280000 486.632897
5.320000 448.093164
5.360000 405.184490
5.400000 361.831649
5.440000 322.009162
5.480000 289.613862
5.520000 267.824715
5.560000 258.125711
5.600000 261.663732
5.640000 278.027112
5.680000 305.687089
5.720000 342.093166
5.760000 383.931475
5.800000 427.334112
5.840000 467.947708
5.880000 502.036992
5.920000 526.400107
5.960000 538.698133
6.000000 537.571458
6.040000 523.264122
6.080000 497.033078
6.120000 461.299695
6.160000 419.619179
6.200000 375.814885
6.240000 333.964576
6.280000 298.219581
6.320000 271.814923
6.360000 257.101582
6.400000 255.461096
6.440000 267.210074
6.480000 291.318225
6.520000 325.416961
6.560000 366.052628
6.600000 409.465269
6.640000 451.944054
6.680000 489.022729
6.720000 517.061662
6.760000 534.078819
6.800000 537.808175
6.840000 528.369422
6.880000 506.766399
6.920000 474.673471
6.960000 435.751716
7.000000 393.485625
7.040000 351.700267
7.080000 314.634507
7.120000 285.741376
7.160000 267.430681
7.200000 261.397939
7.240000 268.167382
7.280000 287.269370
7.320000 316.895355
7.360000 354.289995
7.400000 395.871006
7.440000 437.814590
7.480000 476.064530
7.520000 506.916899
7.560000 527.499717
7.600000 535.790051
7.640000 530.888056
7.680000 513.355380
7.720000 484.793611
7.760000 448.060018
7.800000 406.557890
7.840000 364.313405
7.880000 325.421179
7.920000 293.335641
7.960000 271.140156
8.000000 260.887462
8.040000 263.604481
8.080000 278.817850
8.120000 305.274681
8.160000 340.370590
8.200000 380.852180
8.240000 423.007033
8.280000 462.789199
8.320000 496.293705
8.360000 520.580072
8.400000 533.223984
8.440000 532.949064
8.480000 520.005470
8.520000 495.477168
8.560000 461.799439
8.600000 422.186248
8.640000 380.252214
8.680000 340.119619
8.720000 305.611279
8.760000 279.743859
8.800000 264.972882
8.840000 262.701057
8.880000 273.143061
8.920000 295.369995
8.960000 327.309139
9.000000 365.850944
9.040000 407.413888
9.080000 448.074656
9.120000 483.865027
9.160000 511.363195
9.200000 528.118799
9.240000 532.440049
9.280000 523.896542
9.320000 503.449574
9.360000 473.028712
9.400000 435.649886
9.440000 394.890868
9.480000 354.673747
9.520000 318.753893
9.560000 290.647566
9.600000 272.789530
9.640000 266.677507
9.680000 272.968346
9.720000 291.068705
9.760000 319.188141
9.800000 354.886512
9.840000 394.721226
9.880000 434.971209
9.920000 471.798289
9.960000 501.739061
10.000000 521.904163
10.040000 530.237177
10.080000 526.183001
10.120000 509.824744
10.160000 482.788612
10.200000 447.739336
10.240000 407.865184
10.280000 367.030323
10.320000 329.112474
10.360000 297.635718
10.400000 275.450156
10.440000 264.783987
10.480000 266.491363
10.520000 280.611280
10.560000 305.717130
10.600000 339.333275
10.640000 378.324956
10.680000 419.127089
10.720000 457.922902
10.760000 490.739753
10.800000 514.704995
10.840000 527.589233
10.880000 528.028135
10.920000 516.225137
10.960000 493.289358
11.000000 461.309807
11.040000 423.630638
11.080000 383.655210
11.120000 345.110344
11.160000 311.833838
11.200000 286.770739
11.240000 272.261692
11.280000 269.561102
11.320000 278.893586
11.360000 299.636109
11.400000 329.669616
11.440000 366.263575
11.480000 405.939313
11.520000 444.938583
11.560000 479.411729
11.600000 506.183567
11.640000 522.821541
11.680000 527.336850
11.720000 519.598771
11.760000 500.300677
11.800000 471.213622
11.840000 435.276232
11.880000 395.868637
11.920000 356.830233
11.960000 321.875949
12.000000 298.360333
12.040000 280.368120
12.080000 273.958204
12.120000 279.928201
12.160000 297.412332
12.200000 324.863838
12.240000 359.782876
12.280000 398.818985
12.320000 438.350703
12.360000 474.566393
12.400000 504.203144
12.440000 524.274886
12.480000 532.887928
12.520000 529.331895
12.560000 513.824955
12.600000 487.806201
12.640000 453.937064
12.680000 415.183591
12.720000 375.328885
12.760000 338.183223
12.800000 307.176131
12.840000 285.012313
12.880000 274.002354
12.920000 275.180753
12.960000 288.401857
13.000000 312.418792
13.040000 344.899552
13.080000 382.774391
13.120000 422.641940
13.160000 460.527022
13.200000 492.924738
13.240000 516.667150
13.280000 529.593480
13.320000 530.491660
13.360000 519.276773
13.400000 497.174861
13.440000 466.322536
13.480000 429.631508
13.520000 390.720718
13.560000 353.128618
13.600000 320.543572
13.640000 295.918342
13.680000 281.611774
13.720000 278.745324
13.760000 287.735752
13.800000 307.619631
13.840000 336.598824
13.880000 372.023661
13.920000 410.596604
13.960000 448.525968
14.000000 482.300954
14.040000 508.660051
14.080000 524.988781
14.120000 529.794480
14.160000 522.642844
14.200000 503.983398
14.240000 475.856154
14.280000 440.814077
14.320000 402.197763
14.360000 363.863650
14.400000 329.327590
14.440000 301.803991
14.480000 283.866710
14.520000 277.399670
14.560000 282.639001
14.600000 299.143863
14.640000 325.558477
14.680000 359.200878
14.720000 397.103359
14.760000 435.460724
14.800000 470.748788
14.840000 499.734142
14.880000 519.540275
14.920000 528.278599
14.960000 525.331874
15.000000 510.769921
15.040000 486.142508
15.080000 453.748672
15.120000 416.675972
15.160000 378.460519
15.200000 342.647815
15.240000 312.655798
15.280000 291.109844
15.320000 280.302269
15.360000 281.016008
15.400000 293.272846
15.440000 315.905808
15.480000 346.864054
15.520000 383.122772
15.560000 421.389583
15.600000 457.818722
15.640000 489.124091
15.680000 512.087091
15.720000 524.805638
15.760000 525.892027
15.800000 515.270683
15.840000 494.124818
15.880000 464.398278
15.920000 429.011921
15.960000 391.374892
16.000000 355.071269
16.040000 323.514997
16.080000 299.716710
16.120000 285.742755
16.160000 282.966373
16.200000 291.558325
16.240000 310.688340
16.280000 338.600417
16.320000 372.776543
16.360000 409.890640
16.400000 446.455597
16.440000 479.014221
16.480000 504.487243
16.520000 520.368521
16.560000 525.151516
16.600000 518.439585
16.640000 500.690414
16.680000 473.758898
16.720000 440.069741
16.760000 402.932616
16.800000 365.858927
16.840000 332.342424
16.880000 305.523405
16.920000 287.851130
16.960000 281.104160
17.000000 285.777004
17.040000 301.526747
17.080000 326.761468
17.120000 359.183818
17.160000 395.757793
17.200000 432.939166
17.240000 467.245820
17.280000 495.437348
17.320000 514.872079
17.360000 523.696347
17.400000 521.119915
17.440000 507.456649
17.480000 483.965510
17.520000 452.998990
17.560000 417.426385
17.600000 380.712948
17.640000 346.291242
17.680000 317.370698
17.720000 296.679996
17.760000 286.111549
17.800000 286.542672
17.840000 298.070763
17.880000 319.646708
17.920000 349.177073
17.960000 383.953936
18.000000 420.635866
18.040000 455.655987
18.080000 485.816975
18.120000 508.055908
18.160000 520.419780
18.200000 521.508370
18.240000 511.444648
18.280000 491.144944
18.320000 462.434799
18.360000 428.236590
18.400000 391.752267
18.440000 356.586138
18.480000 325.956014
18.520000 302.758944
18.560000 289.198961
18.600000 286.479509
18.640000 294.776803
18.680000 313.376980
18.720000 340.357961
18.760000 373.391852
18.800000 409.304429
18.840000 444.685881
18.880000 476.132830
18.920000 500.815092
18.960000 516.177787
19.000000 520.942931
19.040000 514.572329
19.080000 497.587613
19.120000 471.751980
19.160000 439.399922
19.200000 403.640191
19.240000 367.884525
19.280000 335.472652
19.320000 309.427711
19.360000 292.163927
19.400000 285.396666
19.440000 289.637352
19.480000 304.578823
19.520000 328.764276
19.560000 359.920071
19.600000 395.151691
19.640000 431.097979
19.680000 464.324000
19.720000 491.661762
19.760000 510.590566
19.800000 519.277794
19.840000 516.956619
19.880000 503.861777
19.920000 481.284275
19.960000 451.490151
20.000000 417.280994
20.040000 381.910291
20.080000 348.746917
20.120000 320.963193
20.160000 301.031035
20.200000 290.846434
20.240000 291.297557
20.280000 302.380281
20.320000 323.073050
20.360000 351.426127
20.400000 384.829720
20.440000 420.073963
20.480000 453.791435
20.520000 482.845371
20.560000 504.332165
20.600000 516.300273
20.640000 517.464780
20.680000 507.734885
20.720000 488.052268
20.760000 460.423948
20.800000 427.257202
20.840000 392.012559
20.880000 357.922772
20.920000 328.175198
20.960000 305.643420
21.000000 292.385912
21.040000 289.701757
21.080000 297.744460
21.120000 315.698329
21.160000 341.901606
21.200000 373.932819
21.240000 408.706507
21.280000 442.956244
21.320000 473.541560
21.360000 497.426624
21.400000 512.377677
21.440000 517.035468
21.480000 510.937498
21.520000 494.710034
21.560000 469.809342
21.600000 438.659712
21.640000 404.274766
21.680000 369.814061
21.720000 338.580558
21.760000 313.432041
21.800000 296.671633
21.840000 290.065787
21.880000 293.929561
21.920000 308.223803
21.960000 331.503900
22.000000 361.476566
22.040000 395.346773
22.080000 430.005402
22.120000 462.084537
22.160000 488.519855
22.200000 506.733304
22.240000 515.130509
22.280000 512.851214
22.320000 500.176583
22.360000 478.348419
22.400000 449.518786
22.440000 416.457299
22.480000 382.329640
22.520000 350.358723
22.560000 323.578023
22.600000 304.373451
22.640000 294.712461
22.680000 295.307400
22.720000 306.094160
22.760000 326.168662
22.800000 353.588230
22.840000 385.809164
22.880000 419.850351
22.920000 452.369795
22.960000 480.236980
23.000000 500.947139
23.040000 512.357403
23.080000 513.409268
23.120000 504.059150
23.160000 485.011762
23.200000 458.221594
23.240000 426.196157
23.280000 392.115610
23.320000 359.075657
23.360000 330.289570
23.400000 308.439696
23.440000 295.605544
23.480000 292.937808
23.520000 300.673633
23.560000 318.105842
23.600000 343.486341
23.640000 374.537044
23.680000 408.235635
23.720000 441.517778
23.760000 471.060845
23.800000 494.211627
23.840000 508.757925
23.880000 513.259123
23.920000 507.424392
23.960000 491.794195
24.000000 467.018866
24.040000 437.034181
24.080000 403.929219
24.120000 370.788271
24.160000 340.737886
24.200000 316.579142
24.240000 300.515412
24.280000 294.043007
24.320000 297.983834
24.360000 311.671148
24.400000 333.989118
24.440000 362.909477
24.480000 395.500990
24.520000 428.744178
24.560000 459.555457
24.600000 484.980810
24.640000 502.504218
24.680000 510.441488
24.720000 508.116224
24.760000 495.769545
24.800000 474.603884
24.840000 446.673619
24.880000 414.666897
24.920000 381.674158
24.960000 350.828337
25.000000 324.997730
25.040000 306.660741
25.080000 297.424557
25.120000 298.224408
25.160000 308.936026
25.200000 328.468790
25.240000 355.062593
25.280000 386.243285
25.320000 419.068964
25.360000 450.333552
25.400000 477.220353
25.440000 497.025403
25.480000 507.892021
25.520000 508.782474
25.560000 499.610816
25.600000 481.177217
25.640000 455.271782
25.680000 424.416418
25.720000 391.400571
25.760000 359.579843
25.800000 331.862336
25.840000 310.759896
25.880000 298.374810
25.920000 295.805046
25.960000 303.313789
26.000000 320.140968
26.040000 344.758862
26.080000 374.726890
26.120000 407.364208
26.160000 439.431546
26.200000 468.035878
26.240000 490.409214
26.280000 504.370702
26.320000 508.782727
26.360000 503.077903
26.400000 487.926564
26.440000 464.753248
26.480000 435.861031
26.520000 403.854093
26.560000 371.917612
26.600000 343.005006
26.640000 319.807793
26.680000 304.462035
26.720000 298.448024
26.760000 302.309487
26.800000 315.568492
26.840000 337.240520
26.880000 365.123017
26.920000 396.597098
26.960000 428.702927
27.000000 458.335392
27.040000 482.698213
27.080000 499.351315
27.120000 506.845548
27.160000 504.455678
27.200000 492.364596
27.240000 471.709330
27.280000 444.552093
27.320000 413.465563
27.360000 381.491003
27.400000 351.652857
27.440000 326.713403
27.480000 309.111956
27.520000 300.438645
27.560000 301.404130
27.600000 311.975099
27.640000 331.128553
27.680000 357.052466
27.720000 387.345305
27.760000 419.150504
27.800000 449.400610
27.840000 475.265619
27.880000 494.242001
27.920000 504.563629
27.960000 505.240906
28.000000 496.141147
28.040000 478.235094
28.080000 453.124151
28.120000 423.239963
28.160000 391.359249
28.200000 360.626077
28.240000 333.885234
28.280000 313.512628
28.320000 301.609241
28.360000 299.260072
28.400000 306.594883
28.440000 322.998449
28.480000 346.809847
28.520000 375.875228
28.560000 407.430165
28.600000 438.526921
28.640000 466.114159
28.680000 487.661367
28.720000 501.085585
28.760000 505.171992
28.800000 499.552478
28.840000 484.766662
28.880000 462.240199
28.920000 434.233902
28.960000 403.347515
29.000000 372.533042
29.040000 344.681694
29.080000 322.445080
29.120000 307.842643
29.160000 302.307257
29.200000 306.236652
29.240000 319.334122
29.280000 340.378614
29.320000 367.355790
29.360000 397.856392
29.400000 428.785277
29.440000 457.283324
29.480000 480.638605
29.520000 496.612277
29.560000 503.622108
29.600000 500.998497
29.640000 489.060723
29.680000 468.873062
29.720000 442.446244
29.760000 412.208641
29.800000 381.211703
29.840000 352.334581
29.880000 328.347091
29.920000 311.475863
29.960000 303.267520
30.000000 304.443704
30.040000 314.988707
30.080000 333.797637
30.120000 359.065805
30.160000 388.518307
30.200000 419.334281
30.240000 448.548118
30.280000 473.521057
30.320000 491.678625
30.360000 501.491905
30.400000 501.885227
30.440000 492.898837
30.480000 475.368286
30.520000 450.942883
30.560000 421.991169
30.600000 391.207383
30.640000 361.535710
30.680000 335.759187
30.720000 316.298597
30.760000 304.972472
30.800000 302.744867
30.840000 310.045505
30.880000 325.954341
30.920000 349.136059
30.960000 377.342068
31.000000 407.894788
31.040000 437.900163
31.080000 464.552373
31.120000 485.212701
31.160000 498.034140
31.200000 501.754098
31.240000 496.071358
31.280000 481.528707
31.320000 459.580286
31.360000 432.328450
31.400000 402.430394
31.440000 372.658279
31.480000 345.910820
31.520000 324.581673
31.560000 310.808867
31.600000 305.723772
31.640000 309.866674
31.680000 322.731685
31.720000 343.364591
31.760000 369.666785
31.800000 399.060850
31.840000 429.027286
31.880000 456.434658
31.920000 478.835273
31.960000 493.874890
32.000000 500.463974
32.040000 497.635914
32.080000 485.783659
32.120000 465.989104
32.160000 440.233841
32.200000 410.894779
32.240000 380.861348
32.280000 352.916617
32.320000 329.811569
32.360000 313.645524
32.400000 305.946369
32.440000 307.433747
32.480000 317.914169
32.520000 336.366563
32.560000 361.109306
32.600000 389.767109
32.640000 419.641685
32.680000 447.919248
32.720000 471.911580
32.760000 489.333605
32.800000 498.554599
32.840000 498.686810
32.880000 489.775311
32.920000 472.563853
32.960000 448.802752
33.000000 420.729476
33.040000 390.926166
33.080000 362.313878
33.120000 337.521699
33.160000 318.966306
33.200000 308.133639
33.240000 306.276429
33.280000 313.530770
33.320000 329.148404
33.360000 351.680759
33.400000 379.108009
33.440000 408.677944
33.480000 437.633627
33.520000 463.264133
33.560000 483.093902
33.600000 495.216296
33.640000 498.481151
33.680000 492.621334
33.720000 478.283156
33.760000 456.788355
33.800000 430.259484
33.840000 401.228580
33.880000 372.413361
33.920000 346.700243
33.960000 326.334225
34.000000 313.298361
34.040000 308.773665
34.080000 313.166201
34.120000 325.988200
34.160000 346.215340
34.200000 371.786191
34.240000 400.415657
34.280000 429.268053
34.320000 455.662878
34.360000 477.028685
34.400000 491.511521
34.440000 497.392359
34.480000 494.329542
34.520000 482.537783
34.560000 463.133643
34.600000 437.967293
34.640000 409.452619
34.680000 380.356525
34.720000 353.420695
34.760000 331.195156
34.800000 315.801393
34.840000 308.620465
34.880000 310.390884
34.920000 320.824481
34.960000 339.004517
35.000000 363.165283
35.040000 391.068095
35.080000 420.049282
35.120000 447.383344
35.160000 470.468096
35.200000 487.156467
35.240000 495.758365
35.280000 495.646968
35.320000 486.655777
35.360000 469.797766
35.400000 446.631067
35.440000 419.327626
35.480000 390.510623
35.520000 362.898660
35.560000 339.138362
35.600000 321.312782
35.640000 311.204453
35.680000 309.767565
35.720000 317.027371
35.760000 332.438325
35.800000 354.473866
35.840000 381.100763
35.880000 409.703789
35.920000 437.697697
35.960000 462.320384
36.000000 472.605725
36.040000 483.770276
36.080000 486.527531
36.120000 480.613100
36.160000 466.575039
36.200000 445.852192
36.240000 420.434586
36.280000 392.728338
36.320000 365.419260
36.360000 341.066634
36.400000 321.948997
36.440000 309.884531
36.480000 305.991460
36.520000 310.581161
36.560000 323.201576
36.600000 342.726205
36.640000 367.289343
36.680000 394.578074
36.720000 422.005596
36.760000 447.012812
36.800000 467.079670
36.840000 480.417114
36.880000 485.660031
36.920000 482.417684
36.960000 470.777360
37.000000 452.029486
37.040000 427.897186
37.080000 400.697149
37.120000 373.033381
37.160000 347.548533
37.200000 326.586967
37.240000 312.191112
37.280000 305.677083
37.320000 307.672159
37.360000 317.934749
37.400000 335.489204
37.440000 358.757240
37.480000 385.402656
37.520000 413.045946
37.560000 439.014290
37.600000 460.794860
37.640000 476.394029
37.680000 484.314920
37.720000 483.843426
37.760000 474.998960
37.800000 458.625863
37.840000 436.396257
37.880000 410.316729
37.920000 382.931680
37.960000 356.774457
38.000000 334.362937
38.040000 317.752378
38.080000 308.506782
38.120000 307.527990
38.160000 314.850202
38.200000 329.825506
38.240000 350.989038
38.280000 376.397672
38.320000 403.695370
38.360000 430.123813
38.400000 453.279223
38.440000 470.957354
38.480000 481.343832
38.520000 483.626496
38.560000 477.464092
38.600000 463.505420
38.640000 443.134613
38.680000 418.285180
38.720000 391.328191
38.760000 364.929005
38.800000 341.499813
38.840000 323.279509
38.880000 311.979093
38.920000 308.564072
38.960000 313.490029
39.000000 326.149302
39.040000 345.383532
39.080000 369.418194
39.120000 395.952907
39.160000 422.497280
39.200000 446.506987
39.240000 465.717019
39.280000 478.273758
39.320000 482.959915
39.360000 479.335262
39.400000 467.739261
39.440000 449.287448
39.480000 425.736132
39.520000 399.226928
39.560000 372.447126
39.600000 347.905984
39.640000 327.800521
39.680000 314.164680
39.720000 308.189654
39.760000 310.495227
39.800000 320.787763
39.840000 338.069955
39.880000 360.873092
39.920000 386.849000
39.960000 413.616995
40.000000 438.690798
40.040000 459.601202
40.080000 474.492216
40.120000 481.772978
40.160000 480.981106
40.200000 472.040852
40.240000 455.860588
40.280000 434.041619
40.320000 408.669591
40.360000 382.149285
40.400000 356.934230
40.440000 335.484345
40.480000 319.754973
40.520000 311.299911
40.560000 310.672678
40.600000 318.135509
40.640000 333.021074
40.680000 353.806875
40.720000 378.586299
40.760000 405.017296
40.800000 430.538251
40.840000 452.694154
40.880000 469.496934
40.920000 479.156135
40.960000 480.872346
41.000000 474.388927
41.040000 460.498423
41.080000 440.413749
41.120000 416.127484
41.160000 389.936316
41.200000 364.367748
41.240000 341.814400
41.280000 324.500571
41.320000 313.926619
41.360000 311.138851
41.400000 316.344511
41.440000 329.001476
41.480000 348.005601
41.520000 371.585487
41.560000 397.390692
41.600000 423.079885
41.640000 446.179489
41.680000 464.496488
41.720000 476.241256
41.760000 480.348642
41.800000 476.402461
41.840000 464.759516
41.880000 446.560103
41.920000 423.516344
41.960000 397.736443
42.000000 371.845540
42.040000 348.148650
42.080000 328.950662
42.120000 316.019167
42.160000 310.649845
42.200000 313.217521
42.240000 323.575292
42.280000 340.712904
42.320000 363.011067
42.360000 388.344654
42.400000 414.308970
42.440000 438.523454
42.480000 458.600306
42.520000 472.678691
42.560000 479.367353
42.600000 478.131152
42.640000 469.046168
42.680000 453.063319
42.720000 431.633612
42.760000 406.907282
42.800000 381.166999
42.840000 356.898144
42.880000 336.352314
42.920000 321.463474
42.960000 313.611411
43.000000 313.638064
43.040000 321.387569
43.080000 336.136278
43.120000 356.560689
43.160000 380.754364
43.200000 406.391567
43.240000 430.974350
43.280000 452.192696
43.320000 468.088869
43.360000 477.002073
43.400000 478.155676
43.440000 471.462509
43.480000 457.553974
43.520000 437.754448
43.560000 413.950760
43.600000 388.474139
43.640000 363.750316
43.680000 342.132342
43.720000 325.673584
43.760000 315.835319
43.800000 313.585687
43.840000 319.114152
43.880000 331.887695
43.920000 350.666626
43.960000 373.729028
44.000000 398.868629
44.040000 423.783889
44.080000 445.973282
44.120000 463.407623
44.160000 474.404676
44.200000 477.893383
44.240000 473.594037
44.280000 461.913127
44.320000 443.918817
44.360000 421.267123
44.400000 396.260783
44.440000 371.164014
44.480000 348.352447
44.520000 329.997399
44.560000 317.879298
44.600000 313.019952
44.640000 315.989844
44.680000 326.399631
44.720000 343.383800
44.760000 365.237010
44.800000 389.927882
44.840000 415.176186
44.880000 438.501754
44.920000 457.691564
44.960000 470.957148
45.000000 477.017501
45.040000 475.350981
45.080000 466.067433
45.120000 450.178849
45.160000 429.152825
45.200000 405.002225
45.240000 380.056870
45.280000 356.678559
45.320000 337.071778
45.360000 323.072937
45.400000 315.909128
45.440000 316.383332
45.480000 324.385485
45.520000 339.146954
45.560000 359.256814
45.600000 382.875512
45.640000 407.714003
45.680000 431.441929
45.720000 451.766261
45.760000 466.705728
45.800000 475.007280
45.840000 475.573895
45.880000 468.551925
45.920000 454.606928
45.960000 435.062119
46.000000 411.770666
46.040000 387.015369
46.080000 363.082734
46.120000 342.423685
46.160000 326.739286
46.200000 317.669192
46.240000 315.994886
46.280000 321.852090
46.320000 334.705515
46.360000 353.261259
46.400000 375.918358
46.440000 400.401651
46.480000 424.481773
46.520000 445.753710
46.560000 462.362663
46.600000 472.614944
46.640000 475.525093
46.680000 470.894564
46.720000 459.016645
46.760000 441.258748
46.800000 419.090321
46.840000 394.734684
46.880000 370.427619
46.920000 348.489854
46.960000 331.003442
47.000000 319.652764
47.040000 315.442886
47.080000 318.767555
47.120000 329.317065
47.160000 346.121098
47.200000 367.612254
47.240000 391.690235
47.280000 416.157471
47.320000 438.584600
47.360000 456.911668
47.400000 469.342747
47.440000 474.733845
47.480000 472.616798
47.520000 463.173995
47.560000 447.307789
47.600000 426.623330
47.640000 403.040848
47.680000 378.861949
47.720000 356.346964
47.760000 337.641953
47.800000 324.462370
47.840000 318.085662
47.880000 319.047939
47.920000 327.196206
47.960000 342.095193
48.000000 364.072130
48.040000 387.254891
48.080000 411.504980
48.120000 434.481978
48.160000 454.024192
48.200000 468.256180
48.240000 475.739739
48.280000 475.827954
48.320000 468.544716
48.360000 454.445532
48.400000 435.020483
48.440000 412.073686
48.480000 387.844106
48.520000 364.652616
48.560000 344.679635
48.600000 329.725761
48.640000 321.345945
48.680000 320.240308
48.720000 326.424520
48.760000 339.438681
48.800000 358.029497
48.840000 380.348957
48.880000 404.349100
48.920000 427.728299
48.960000 448.339784
49.000000 464.190892
49.040000 473.727891
49.080000 476.079146
49.120000 471.067484
49.160000 459.070286
49.200000 441.288805
49.240000 419.409945
49.280000 395.512635
49.320000 371.931814
49.360000 350.682323
49.400000 334.011208
49.440000 323.333842
49.480000 319.729001
49.520000 323.431128
49.560000 334.227208
49.600000 351.047334
49.640000 372.345635
49.680000 395.881313
49.720000 419.742804
49.760000 441.412101
49.800000 458.962880
49.840000 470.640611
49.880000 475.380212
49.920000 472.759946
49.960000 463.041039
50.000000 447.134635
50.040000 426.638098
50.080000 403.461911
50.120000 379.836994
50.160000 358.065658
50.200000 340.125899
50.240000 327.719021
50.280000 321.980722
50.320000 323.508904
50.360000 332.110878
50.400000 346.887855
50.440000 366.595071
50.480000 389.398622
50.520000 412.881563
50.560000 435.000944
50.600000 453.663379
50.640000 467.003043
50.680000 473.814035
50.720000 473.331330
50.760000 465.674392
50.800000 451.570800
50.840000 432.383463
50.880000 409.901777
50.920000 386.334807
50.960000 363.930510
51.000000 344.807013
51.040000 330.761476
51.080000 323.082582
51.120000 322.552659
51.160000 329.131239
51.200000 342.168700
51.240000 360.518369
51.280000 382.454414
51.320000 405.843523
51.360000 428.520350
51.400000 448.283456
51.440000 463.290070
51.480000 472.072644
51.520000 473.874317
51.560000 468.432011
51.600000 456.339245
51.640000 438.689311
51.680000 417.222136
51.720000 393.924397
51.760000 371.098506
51.800000 350.770905
51.840000 334.970803
51.880000 325.096043
51.920000 322.087612
51.960000 326.276105
52.000000 337.216850
52.040000 353.930223
52.080000 374.771780
52.120000 397.791379
52.160000 420.845222
52.200000 441.735217
52.240000 458.357948
52.280000 469.218701
52.320000 473.235683
52.360000 470.149263
52.400000 460.155899
52.440000 444.303926
52.480000 424.109229
52.520000 401.446964
52.560000 378.542411
52.600000 357.588214
52.640000 340.536678
52.680000 328.931862
52.720000 323.942631
52.760000 326.008423
52.800000 334.853762
52.840000 349.713271
52.880000 369.169099
52.920000 391.385177
52.960000 414.264832
53.000000 435.571816
53.040000 453.341861
53.080000 465.832958
53.120000 471.888482
53.160000 470.881524
53.200000 462.888109
53.240000 448.738661
53.280000 429.747670
53.320000 407.803227
53.360000 384.860983
53.400000 363.236372
53.440000 344.955906
53.480000 331.725382
53.520000 324.750398
53.560000 324.718134
53.600000 331.620767
53.640000 344.850953
53.680000 363.051759
53.720000 384.595847
53.760000 407.387388
53.800000 429.294902
53.840000 448.240609
53.880000 462.437496
53.920000 470.515162
53.960000 471.665140
54.000000 465.859500
54.040000 453.607562
54.080000 436.128675
54.120000 415.037738
54.160000 392.374263
54.200000 370.219580
54.240000 350.819201
54.280000 335.881365
54.320000 326.767539
54.360000 324.437986
54.400000 329.058971
54.440000 340.189970
54.480000 356.790519
54.520000 377.271267
54.560000 399.798052
54.600000 422.028408
54.640000 442.027817
54.680000 457.793680
54.720000 467.814912
54.760000 471.201383
54.800000 467.605176
54.840000 457.359760
54.880000 441.483297
54.920000 421.560948
54.960000 399.448088
55.000000 377.254718
55.040000 357.124460
55.080000 340.886584
55.120000 330.130853
55.160000 325.863828
55.200000 328.444394
55.240000 337.584695
55.280000 352.451493
55.320000 371.694423
55.360000 393.450073
55.400000 415.632079
55.440000 436.139277
55.480000 453.064634
55.520000 464.737745
55.560000 470.082630
55.600000 468.500513
55.640000 460.193512
55.680000 446.003256
55.720000 427.205050
55.760000 405.624002
55.800000 383.340385
55.840000 362.497509
55.880000 345.047680
55.920000 332.584067
55.960000 326.313706
56.000000 326.865076
56.040000 334.153777
56.080000 347.453750
56.120000 365.526970
56.160000 386.689192
56.200000 408.917383
56.240000 430.086909
56.280000 448.243548
56.320000 461.596697
56.360000 468.933753
56.400000 469.488063
56.440000 463.276313
56.480000 450.913694
56.520000 433.466318
56.560000 412.881143
56.600000 390.712420
56.640000 369.360766
56.680000 350.770327
56.720000 336.688572
56.760000 328.355965
56.800000 326.699987
56.840000 331.746849
56.880000 343.087249
56.920000 359.617536
56.960000 379.774582
57.000000 401.716120
57.040000 423.288596
57.080000 442.360239
57.120000 457.262283
57.160000 466.470085
57.200000 469.171179
57.240000 465.075983
57.280000 454.562969
57.320000 438.742041
57.360000 419.085673
57.400000 397.449142
57.440000 375.966331
57.480000 356.641501
57.520000 341.312863
57.560000 331.358439
57.600000 327.752166
57.640000 330.855270
57.680000 340.292719
57.720000 355.210930
57.760000 374.218374
57.800000 395.520654
57.840000 417.043760
57.880000 436.752533
57.920000 452.826294
57.960000 463.658873
58.000000 468.245345
58.040000 466.120769
58.080000 457.555436
58.120000 443.273851
58.160000 424.667484
58.200000 403.508673
58.240000 381.847395
58.280000 361.751461
58.320000 345.049890
58.360000 333.443510
58.400000 327.902266
58.440000 328.998023
58.480000 336.616368
58.520000 350.085344
58.560000 368.004515
58.600000 388.797592
58.640000 410.482844
58.680000 430.941701
58.720000 448.260121
58.760000 460.810009
58.800000 467.362063
58.840000 467.310780
58.880000 460.723609
58.920000 448.159286
58.960000 430.894303
59.000000 410.514165
59.040000 388.929733
59.080000 368.417186
59.120000 350.669172
59.160000 337.410903
59.200000 329.894153
59.240000 328.840064
59.280000 334.369611
59.320000 345.851206
59.360000 362.344599
59.400000 382.209817
59.440000 403.570799
59.480000 424.425006
59.520000 442.682513
59.560000 456.719092
59.600000 465.132517
59.640000 467.164731
59.680000 462.587689
59.720000 451.853733
59.760000 436.023714
59.800000 416.642839
59.840000 395.524766
59.880000 374.693955
59.920000 356.173681
59.960000 341.648838
60.000000 332.522901
60.040000 329.645404
60.080000 333.232141
60.120000 342.939162
60.160000 357.909000
60.200000 376.725130
60.240000 397.515451
60.280000 418.416789
60.320000 437.378368
60.360000 452.619339
60.400000 462.660592
60.440000 466.490194
60.480000 463.822047
60.520000 454.901721
60.560000 440.564509
