24.000000 467.018866
24.040000 437.034181
24.080000 403.929219
24.120000 370.788271
24.160000 340.737886
24.200000 316.579142
24.240000 300.515412
24.280000 294.043007
24.320000 297.983834
24.360000 311.671148
24.400000 333.989118
24.440000 362.909477
24.480000 395.500990
24.520000 428.744178
24.560000 459.555457
24.600000 484.980810
24.640000 502.504218
24.680000 510.441488
24.720000 508.116224
24.760000 495.769545
24.800000 474.603884
24.840000 446.673619
24.880000 414.666897
24.920000 381.674158
24.960000 350.828337
25.000000 324.997730
25.040000 306.660741
25.080000 297.424557
25.120000 298.224408
25.160000 308.936026
25.200000 328.468790
25.240000 355.062593
25.280000 386.243285
25.320000 419.068964
25.360000 450.333552
25.400000 477.220353
25.440000 497.025403
25.480000 507.892021
25.520000 508.782474
25.560000 499.610816
25.600000 481.177217
25.640000 455.271782
25.680000 424.416418
25.720000 391.400571
25.760000 359.579843
25.800000 331.862336
25.840000 310.759896
25.880000 298.374810
25.920000 295.805046
25.960000 303.313789
26.000000 320.140968
26.040000 344.758862
26.080000 374.726890
26.120000 407.364208
26.160000 439.431546
26.200000 468.035878
26.240000 490.409214
26.280000 504.370702
26.320000 508.782727
26.360000 503.077903
26.400000 487.926564
26.440000 464.753248
26.480000 435.861031
26.520000 403.854093
26.560000 371.917612
26.600000 343.005006
26.640000 319.807793
26.680000 304.462035
26.720000 298.448024
26.760000 302.309487
26.800000 315.568492
26.840000 337.240520
26.880000 365.123017
26.920000 396.597098
26.960000 428.702927
27.000000 458.335392
27.040000 482.698213
27.080000 499.351315
27.120000 506.845548
27.160000 504.455678
27.200000 492.364596
27.240000 471.709330
27.280000 444.552093
27.320000 413.465563
27.360000 381.491003
27.400000 351.652857
27.440000 326.713403
27.480000 309.111956
27.520000 300.438645
27.560000 301.404130
27.600000 311.975099
27.640000 331.128553
27.680000 357.052466
27.720000 387.345305
27.760000 419.150504
27.800000 449.400610
27.840000 475.265619
27.880000 494.242001
27.920000 504.563629
27.960000 505.240906
28.000000 496.141147
28.040000 478.235094
28.080000 453.124151
28.120000 423.239963
28.160000 391.359249
28.200000 360.626077
28.240000 333.885234
28.280000 313.512628
28.320000 301.609241
28.360000 299.260072
28.400000 306.594883
28.440000 322.998449
28.480000 346.809847
28.520000 375.875228
28.560000 407.430165
28.600000 438.526921
28.640000 466.114159
28.680000 487.661367
28.720000 501.085585
28.760000 505.171992
28.800000 499.552478
28.840000 484.766662
28.880000 462.240199
28.920000 434.233902
28.960000 403.347515
29.000000 372.533042
29.040000 344.681694
29.080000 322.445080
29.120000 307.842643
29.160000 302.307257
29.200000 306.236652
29.240000 319.334122
29.280000 340.378614
29.320000 367.355790
29.360000 397.856392
29.400000 428.785277
29.440000 457.283324
29.480000 480.638605
29.520000 496.612277
29.560000 503.622108
29.600000 500.998497
29.640000 489.060723
29.680000 468.873062
29.720000 442.446244
29.760000 412.208641
29.800000 381.211703
29.840000 352.334581
29.880000 328.347091
29.920000 311.475863
29.960000 303.267520
30.000000 304.443704
30.040000 314.988707
30.080000 333.797637
30.120000 359.065805
30.160000 388.518307
30.200000 419.334281
30.240000 448.548118
30.280000 473.521057
30.320000 491.678625
30.360000 501.491905
30.400000 501.885227
30.440000 492.898837
30.480000 475.368286
30.520000 450.942883
30.560000 421.991169
30.600000 391.207383
30.640000 361.535710
30.680000 335.759187
30.720000 316.298597
30.760000 304.972472
30.800000 302.744867
30.840000 310.045505
30.880000 325.954341
30.920000 349.136059
30.960000 377.342068
31.000000 407.894788
31.040000 437.900163
31.080000 464.552373
31.120000 485.212701
31.160000 498.034140
31.200000 501.754098
31.240000 496.071358
31.280000 481.528707
31.320000 459.580286
31.360000 432.328450
31.400000 402.430394
31.440000 372.658279
31.480000 345.910820
31.520000 324.581673
31.560000 310.808867
31.600000 305.723772
31.640000 309.866674
31.680000 322.731685
31.720000 343.364591
31.760000 369.666785
31.800000 399.060850
31.840000 429.027286
31.880000 456.434658
31.920000 478.835273
31.960000 493.874890
32.000000 500.463974
32.040000 497.635914
32.080000 485.783659
32.120000 465.989104
32.160000 440.233841
32.200000 410.894779
32.240000 380.861348
32.280000 352.916617
32.320000 329.811569
32.360000 313.645524
32.400000 305.946369
32.440000 307.433747
32.480000 317.914169
32.520000 336.366563
32.560000 361.109306
32.600000 389.767109
32.640000 419.641685
32.680000 447.919248
32.720000 471.911580
32.760000 489.333605
32.800000 498.554599
32.840000 498.686810
32.880000 489.775311
32.920000 472.563853
32.960000 448.802752
33.000000 420.729476
33.040000 390.926166
33.080000 362.313878
33.120000 337.521699
33.160000 318.966306
33.200000 308.133639
33.240000 306.276429
33.280000 313.530770
33.320000 329.148404
33.360000 351.680759
33.400000 379.108009
33.440000 408.677944
33.480000 437.633627
33.520000 463.264133
33.560000 483.093902
33.600000 495.216296
33.640000 498.481151
33.680000 492.621334
33.720000 478.283156
33.760000 456.788355
33.800000 430.259484
33.840000 401.228580
33.880000 372.413361
33.920000 346.700243
33.960000 326.334225
34.000000 313.298361
34.040000 308.773665
34.080000 313.166201
34.120000 325.988200
34.160000 346.215340
34.200000 371.786191
34.240000 400.415657
34.280000 429.268053
34.320000 455.662878
34.360000 477.028685
34.400000 491.511521
34.440000 497.392359
34.480000 494.329542
34.520000 482.537783
34.560000 463.133643
34.600000 437.967293
34.640000 409.452619
34.680000 380.356525
34.720000 353.420695
34.760000 331.195156
34.800000 315.801393
34.840000 308.620465
34.880000 310.390884
34.920000 320.824481
34.960000 339.004517
35.000000 363.165283
35.040000 391.068095
35.080000 420.049282
35.120000 447.383344
35.160000 470.468096
35.200000 487.156467
35.240000 495.758365
35.280000 495.646968
35.320000 486.655777
35.360000 469.797766
35.400000 446.631067
35.440000 419.327626
35.480000 390.510623
35.520000 362.898660
35.560000 339.138362
35.600000 321.312782
35.640000 311.204453
35.680000 309.767565
35.720000 317.027371
35.760000 332.438325
35.800000 354.473866
35.840000 381.100763
35.880000 409.703789
35.920000 437.697697
35.960000 462.320384
