36.000000 472.605725
36.040000 483.770276
36.080000 486.527531
36.120000 480.613100
36.160000 466.575039
36.200000 445.852192
36.240000 420.434586
36.280000 392.728338
36.320000 365.419260
36.360000 341.066634
36.400000 321.948997
36.440000 309.884531
36.480000 305.991460
36.520000 310.581161
36.560000 323.201576
36.600000 342.726205
36.640000 367.289343
36.680000 394.578074
36.720000 422.005596
36.760000 447.012812
36.800000 467.079670
36.840000 480.417114
36.880000 485.660031
36.920000 482.417684
36.960000 470.777360
37.000000 452.029486
37.040000 427.897186
37.080000 400.697149
37.120000 373.033381
37.160000 347.548533
37.200000 326.586967
37.240000 312.191112
37.280000 305.677083
37.320000 307.672159
37.360000 317.934749
37.400000 335.489204
37.440000 358.757240
37.480000 385.402656
37.520000 413.045946
37.560000 439.014290
37.600000 460.794860
37.640000 476.394029
37.680000 484.314920
37.720000 483.843426
37.760000 474.998960
37.800000 458.625863
37.840000 436.396257
37.880000 410.316729
37.920000 382.931680
37.960000 356.774457
38.000000 334.362937
38.040000 317.752378
38.080000 308.506782
38.120000 307.527990
38.160000 314.850202
38.200000 329.825506
38.240000 350.989038
38.280000 376.397672
38.320000 403.695370
38.360000 430.123813
38.400000 453.279223
38.440000 470.957354
38.480000 481.343832
38.520000 483.626496
38.560000 477.464092
38.600000 463.505420
38.640000 443.134613
38.680000 418.285180
38.720000 391.328191
38.760000 364.929005
38.800000 341.499813
38.840000 323.279509
38.880000 311.979093
38.920000 308.564072
38.960000 313.490029
39.000000 326.149302
39.040000 345.383532
39.080000 369.418194
39.120000 395.952907
39.160000 422.497280
39.200000 446.506987
39.240000 465.717019
39.280000 478.273758
39.320000 482.959915
39.360000 479.335262
39.400000 467.739261
39.440000 449.287448
39.480000 425.736132
39.520000 399.226928
39.560000 372.447126
39.600000 347.905984
39.640000 327.800521
39.680000 314.164680
39.720000 308.189654
39.760000 310.495227
39.800000 320.787763
39.840000 338.069955
39.880000 360.873092
39.920000 386.849000
39.960000 413.616995
40.000000 438.690798
40.040000 459.601202
40.080000 474.492216
40.120000 481.772978
40.160000 480.981106
40.200000 472.040852
40.240000 455.860588
40.280000 434.041619
40.320000 408.669591
40.360000 382.149285
40.400000 356.934230
40.440000 335.484345
40.480000 319.754973
40.520000 311.299911
40.560000 310.672678
40.600000 318.135509
40.640000 333.021074
40.680000 353.806875
40.720000 378.586299
40.760000 405.017296
40.800000 430.538251
40.840000 452.694154
40.880000 469.496934
40.920000 479.156135
40.960000 480.872346
41.000000 474.388927
41.040000 460.498423
41.080000 440.413749
41.120000 416.127484
41.160000 389.936316
41.200000 364.367748
41.240000 341.814400
41.280000 324.500571
41.320000 313.926619
41.360000 311.138851
41.400000 316.344511
41.440000 329.001476
41.480000 348.005601
41.520000 371.585487
41.560000 397.390692
41.600000 423.079885
41.640000 446.179489
41.680000 464.496488
41.720000 476.241256
41.760000 480.348642
41.800000 476.402461
41.840000 464.759516
41.880000 446.560103
41.920000 423.516344
41.960000 397.736443
42.000000 371.845540
42.040000 348.148650
42.080000 328.950662
42.120000 316.019167
42.160000 310.649845
42.200000 313.217521
42.240000 323.575292
42.280000 340.712904
42.320000 363.011067
42.360000 388.344654
42.400000 414.308970
42.440000 438.523454
42.480000 458.600306
42.520000 472.678691
42.560000 479.367353
42.600000 478.131152
42.640000 469.046168
42.680000 453.063319
42.720000 431.633612
42.760000 406.907282
42.800000 381.166999
42.840000 356.898144
42.880000 336.352314
42.920000 321.463474
42.960000 313.611411
43.000000 313.638064
43.040000 321.387569
43.080000 336.136278
43.120000 356.560689
43.160000 380.754364
43.200000 406.391567
43.240000 430.974350
43.280000 452.192696
43.320000 468.088869
43.360000 477.002073
43.400000 478.155676
43.440000 471.462509
43.480000 457.553974
43.520000 437.754448
43.560000 413.950760
43.600000 388.474139
43.640000 363.750316
43.680000 342.132342
43.720000 325.673584
43.760000 315.835319
43.800000 313.585687
43.840000 319.114152
43.880000 331.887695
43.920000 350.666626
43.960000 373.729028
44.000000 398.868629
44.040000 423.783889
44.080000 445.973282
44.120000 463.407623
44.160000 474.404676
44.200000 477.893383
44.240000 473.594037
44.280000 461.913127
44.320000 443.918817
44.360000 421.267123
44.400000 396.260783
44.440000 371.164014
44.480000 348.352447
44.520000 329.997399
44.560000 317.879298
44.600000 313.019952
44.640000 315.989844
44.680000 326.399631
44.720000 343.383800
44.760000 365.237010
44.800000 389.927882
44.840000 415.176186
44.880000 438.501754
44.920000 457.691564
44.960000 470.957148
45.000000 477.017501
45.040000 475.350981
45.080000 466.067433
45.120000 450.178849
45.160000 429.152825
45.200000 405.002225
45.240000 380.056870
45.280000 356.678559
45.320000 337.071778
45.360000 323.072937
45.400000 315.909128
45.440000 316.383332
45.480000 324.385485
45.520000 339.146954
45.560000 359.256814
45.600000 382.875512
45.640000 407.714003
45.680000 431.441929
45.720000 451.766261
45.760000 466.705728
45.800000 475.007280
45.840000 475.573895
45.880000 468.551925
45.920000 454.606928
45.960000 435.062119
46.000000 411.770666
46.040000 387.015369
46.080000 363.082734
46.120000 342.423685
46.160000 326.739286
46.200000 317.669192
46.240000 315.994886
46.280000 321.852090
46.320000 334.705515
46.360000 353.261259
46.400000 375.918358
46.440000 400.401651
46.480000 424.481773
46.520000 445.753710
46.560000 462.362663
46.600000 472.614944
46.640000 475.525093
46.680000 470.894564
46.720000 459.016645
46.760000 441.258748
46.800000 419.090321
46.840000 394.734684
46.880000 370.427619
46.920000 348.489854
46.960000 331.003442
47.000000 319.652764
47.040000 315.442886
47.080000 318.767555
47.120000 329.317065
47.160000 346.121098
47.200000 367.612254
47.240000 391.690235
47.280000 416.157471
47.320000 438.584600
47.360000 456.911668
47.400000 469.342747
47.440000 474.733845
47.480000 472.616798
47.520000 463.173995
47.560000 447.307789
47.600000 426.623330
47.640000 403.040848
47.680000 378.861949
47.720000 356.346964
47.760000 337.641953
47.800000 324.462370
47.840000 318.085662
47.880000 319.047939
47.920000 327.196206
47.960000 342.095193
