12.000000 298.360333
12.040000 280.368120
12.080000 273.958204
12.120000 279.928201
12.160000 297.412332
12.200000 324.863838
12.240000 359.782876
12.280000 398.818985
12.320000 438.350703
12.360000 474.566393
12.400000 504.203144
12.440000 524.274886
12.480000 532.887928
12.520000 529.331895
12.560000 513.824955
12.600000 487.806201
12.640000 453.937064
12.680000 415.183591
12.720000 375.328885
12.760000 338.183223
12.800000 307.176131
12.840000 285.012313
12.880000 274.002354
12.920000 275.180753
12.960000 288.401857
13.000000 312.418792
13.040000 344.899552
13.080000 382.774391
13.120000 422.641940
13.160000 460.527022
13.200000 492.924738
13.240000 516.667150
13.280000 529.593480
13.320000 530.491660
13.360000 519.276773
13.400000 497.174861
13.440000 466.322536
13.480000 429.631508
13.520000 390.720718
13.560000 353.128618
13.600000 320.543572
13.640000 295.918342
13.680000 281.611774
13.720000 278.745324
13.760000 287.735752
13.800000 307.619631
13.840000 336.598824
13.880000 372.023661
13.920000 410.596604
13.960000 448.525968
14.000000 482.300954
14.040000 508.660051
14.080000 524.988781
14.120000 529.794480
14.160000 522.642844
14.200000 503.983398
14.240000 475.856154
14.280000 440.814077
14.320000 402.197763
14.360000 363.863650
14.400000 329.327590
14.440000 301.803991
14.480000 283.866710
14.520000 277.399670
14.560000 282.639001
14.600000 299.143863
14.640000 325.558477
14.680000 359.200878
14.720000 397.103359
14.760000 435.460724
14.800000 470.748788
14.840000 499.734142
14.880000 519.540275
14.920000 528.278599
14.960000 525.331874
15.000000 510.769921
15.040000 486.142508
15.080000 453.748672
15.120000 416.675972
15.160000 378.460519
15.200000 342.647815
15.240000 312.655798
15.280000 291.109844
15.320000 280.302269
15.360000 281.016008
15.400000 293.272846
15.440000 315.905808
15.480000 346.864054
15.520000 383.122772
15.560000 421.389583
15.600000 457.818722
15.640000 489.124091
15.680000 512.087091
15.720000 524.805638
15.760000 525.892027
15.800000 515.270683
15.840000 494.124818
15.880000 464.398278
15.920000 429.011921
15.960000 391.374892
16.000000 355.071269
16.040000 323.514997
16.080000 299.716710
16.120000 285.742755
16.160000 282.966373
16.200000 291.558325
16.240000 310.688340
16.280000 338.600417
16.320000 372.776543
16.360000 409.890640
16.400000 446.455597
16.440000 479.014221
16.480000 504.487243
16.520000 520.368521
16.560000 525.151516
16.600000 518.439585
16.640000 500.690414
16.680000 473.758898
16.720000 440.069741
16.760000 402.932616
16.800000 365.858927
16.840000 332.342424
16.880000 305.523405
16.920000 287.851130
16.960000 281.104160
17.000000 285.777004
17.040000 301.526747
17.080000 326.761468
17.120000 359.183818
17.160000 395.757793
17.200000 432.939166
17.240000 467.245820
17.280000 495.437348
17.320000 514.872079
17.360000 523.696347
17.400000 521.119915
17.440000 507.456649
17.480000 483.965510
17.520000 452.998990
17.560000 417.426385
17.600000 380.712948
17.640000 346.291242
17.680000 317.370698
17.720000 296.679996
17.760000 286.111549
17.800000 286.542672
17.840000 298.070763
17.880000 319.646708
17.920000 349.177073
17.960000 383.953936
18.000000 420.635866
18.040000 455.655987
18.080000 485.816975
18.120000 508.055908
18.160000 520.419780
18.200000 521.508370
18.240000 511.444648
18.280000 491.144944
18.320000 462.434799
18.360000 428.236590
18.400000 391.752267
18.440000 356.586138
18.480000 325.956014
18.520000 302.758944
18.560000 289.198961
18.600000 286.479509
18.640000 294.776803
18.680000 313.376980
18.720000 340.357961
18.760000 373.391852
18.800000 409.304429
18.840000 444.685881
18.880000 476.132830
18.920000 500.815092
18.960000 516.177787
19.000000 520.942931
19.040000 514.572329
19.080000 497.587613
19.120000 471.751980
19.160000 439.399922
19.200000 403.640191
19.240000 367.884525
19.280000 335.472652
19.320000 309.427711
19.360000 292.163927
19.400000 285.396666
19.440000 289.637352
19.480000 304.578823
19.520000 328.764276
19.560000 359.920071
19.600000 395.151691
19.640000 431.097979
19.680000 464.324000
19.720000 491.661762
19.760000 510.590566
19.800000 519.277794
19.840000 516.956619
19.880000 503.861777
19.920000 481.284275
19.960000 451.490151
20.000000 417.280994
20.040000 381.910291
20.080000 348.746917
20.120000 320.963193
20.160000 301.031035
20.200000 290.846434
20.240000 291.297557
20.280000 302.380281
20.320000 323.073050
20.360000 351.426127
20.400000 384.829720
20.440000 420.073963
20.480000 453.791435
20.520000 482.845371
20.560000 504.332165
20.600000 516.300273
20.640000 517.464780
20.680000 507.734885
20.720000 488.052268
20.760000 460.423948
20.800000 427.257202
20.840000 392.012559
20.880000 357.922772
20.920000 328.175198
20.960000 305.643420
21.000000 292.385912
21.040000 289.701757
21.080000 297.744460
21.120000 315.698329
21.160000 341.901606
21.200000 373.932819
21.240000 408.706507
21.280000 442.956244
21.320000 473.541560
21.360000 497.426624
21.400000 512.377677
21.440000 517.035468
21.480000 510.937498
21.520000 494.710034
21.560000 469.809342
21.600000 438.659712
21.640000 404.274766
21.680000 369.814061
21.720000 338.580558
21.760000 313.432041
21.800000 296.671633
21.840000 290.065787
21.880000 293.929561
21.920000 308.223803
21.960000 331.503900
22.000000 361.476566
22.040000 395.346773
22.080000 430.005402
22.120000 462.084537
22.160000 488.519855
22.200000 506.733304
22.240000 515.130509
22.280000 512.851214
22.320000 500.176583
22.360000 478.348419
22.400000 449.518786
22.440000 416.457299
22.480000 382.329640
22.520000 350.358723
22.560000 323.578023
22.600000 304.373451
22.640000 294.712461
22.680000 295.307400
22.720000 306.094160
22.760000 326.168662
22.800000 353.588230
22.840000 385.809164
22.880000 419.850351
22.920000 452.369795
22.960000 480.236980
23.000000 500.947139
23.040000 512.357403
23.080000 513.409268
23.120000 504.059150
23.160000 485.011762
23.200000 458.221594
23.240000 426.196157
23.280000 392.115610
23.320000 359.075657
23.360000 330.289570
23.400000 308.439696
23.440000 295.605544
23.480000 292.937808
23.520000 300.673633
23.560000 318.105842
23.600000 343.486341
23.640000 374.537044
23.680000 408.235635
23.720000 441.517778
23.760000 471.060845
23.800000 494.211627
23.840000 508.757925
23.880000 513.259123
23.920000 507.424392
23.960000 491.794195
